-1.128600000000000048e+00,-1.604500000000000037e+00,-1.585800000000000098e+00,-5.560599999999999987e-01,-3.398400000000000087e+00,-2.934899999999999842e+00,-1.701200000000000045e+00,-2.463000000000000078e+00,8.716399999999999704e-01,-1.269200000000000106e+00,-1.339099999999999957e+00,-2.506200000000000205e+00,-2.350699999999999790e+00,-1.546799999999999953e+00,-2.928599999999999870e+00
-3.036999999999999922e+00,1.398999999999999966e-01,1.392400000000000027e-01,-1.044799999999999951e+00,9.888500000000000068e-01,-1.336400000000000032e+00,2.000900000000000123e+00,3.034299999999999775e-01,1.845099999999999962e+00,2.238799999999999901e+00,-9.880799999999999583e-01,-1.196700000000000097e+00,-2.779599999999999849e+00,-2.424700000000000119e-02,8.729099999999999360e-02
7.002399999999999736e-01,-1.219600000000000017e+00,-9.067899999999999572e-02,4.977100000000000274e-02,-1.196499999999999897e+00,3.033100000000000129e+00,4.535599999999999632e+00,2.895799999999999930e+00,2.285899999999999821e+00,-1.371900000000000064e-01,1.358800000000000008e+00,-2.863299999999999734e-01,5.795100000000000251e-02,9.293500000000000094e-01,6.790000000000000480e-01
1.294100000000000028e+00,-4.465199999999999725e-01,-2.452900000000000080e-01,-5.220799999999999885e-01,-1.481699999999999962e-01,4.619799999999999685e+00,3.382899999999999796e+00,1.797700000000000076e+00,1.717500000000000027e+00,1.771900000000000031e+00,-2.116000000000000103e+00,2.453699999999999992e+00,1.919299999999999895e-01,-1.207799999999999985e+00,-9.564300000000000024e-01
3.420199999999999907e+00,3.440100000000000081e-04,-3.723099999999999743e-01,1.282800000000000051e-01,9.640100000000000335e-01,5.448400000000000354e+00,-6.552999999999999936e-01,-1.869000000000000106e-01,-2.436500000000000110e+00,1.916500000000000092e+00,-1.625299999999999967e+00,-1.956399999999999917e+00,-7.373499999999999499e-01,1.050599999999999978e+00,2.030699999999999950e+00
-1.427100000000000035e+00,-1.091599999999999931e-01,3.304699999999999971e+00,3.291500000000000092e+00,4.040400000000000102e-01,-2.676600000000000090e+00,-4.591300000000000381e+00,-4.087799999999999767e-01,-2.567800000000000082e+00,-1.965600000000000014e+00,3.787200000000000011e-01,-3.810899999999999843e-01,2.861699999999999910e+00,3.410000000000000142e+00,5.561399999999999677e-01
-2.540799999999999947e+00,-8.157499999999999751e-01,1.559700000000000086e+00,-1.804000000000000048e+00,6.511799999999999811e-01,-6.538999999999999702e+00,-6.192899999999999849e+00,-7.002899999999999681e-01,-3.657300000000000217e+00,-2.524000000000000021e+00,1.194499999999999895e+00,6.768299999999999317e-02,1.171599999999999975e+00,-2.416500000000000092e+00,-2.391199999999999992e+00
3.037599999999999856e+00,1.580200000000000049e+00,-1.847800000000000109e+00,-7.702999999999999847e-01,5.190199999999999675e-02,1.352800000000000002e+00,-8.810099999999999598e-01,-4.207900000000000418e+00,-1.609399999999999942e+00,-2.066699999999999982e+00,2.326999999999999902e-01,5.135800000000000365e-01,-2.164400000000000102e+00,-2.698100000000000165e+00,-1.942800000000000082e+00
5.408100000000000129e+00,1.375499999999999945e+00,-1.870300000000000074e+00,-7.065500000000000114e-01,5.642599999999999838e-01,-9.021400000000000252e-02,-1.655799999999999939e+00,-1.384200000000000097e+00,-1.382600000000000051e+00,-3.030299999999999994e+00,-3.595000000000000279e-02,-1.155999999999999917e+00,-2.568000000000000060e+00,9.305900000000000283e-01,2.976900000000000102e+00
-6.226599999999999913e-01,6.350799999999999779e-01,2.339100000000000068e-01,5.837900000000000311e-01,3.284600000000000186e+00,-1.085700000000000109e+00,-1.496299999999999963e+00,1.657499999999999973e+00,1.356600000000000028e+00,-8.022899999999999476e-01,-1.514000000000000012e+00,1.137199999999999989e+00,1.411699999999999955e+00,-1.862699999999999911e-01,-9.978900000000000547e-01
-3.440199999999999925e+00,2.467900000000000205e+00,1.676700000000000135e-01,4.252600000000000158e+00,2.594100000000000072e+00,-2.074600000000000222e+00,1.521500000000000075e+00,1.081700000000000106e+00,3.341899999999999871e+00,3.048299999999999788e+00,8.265200000000000324e-01,2.476799999999999891e+00,1.473700000000000010e+00,-1.736699999999999910e+00,-1.303600000000000092e+00
9.175700000000000522e-02,3.333899999999999864e+00,-4.603700000000000014e-01,3.143699999999999939e+00,2.664299999999999891e+00,1.223100000000000076e+00,2.684899999999999842e+00,-1.958099999999999952e+00,4.182400000000000340e+00,2.841200000000000170e+00,2.127899999999999903e+00,4.955000000000000071e+00,6.738899999999999890e-01,-7.636600000000000332e-03,2.650199999999999889e+00
1.993500000000000050e+00,5.187000000000000277e+00,2.488100000000000200e+00,-3.060400000000000009e+00,-1.052499999999999991e+00,1.813299999999999912e-01,1.464199999999999946e+00,8.673399999999999999e-01,2.637700000000000156e+00,1.051600000000000090e+00,7.046000000000000263e+00,2.159199999999999786e+00,2.516599999999999948e+00,1.459200000000000053e+00,3.170399999999999885e+00
3.008999999999999897e+00,2.325699999999999878e+00,8.600600000000000467e-01,-2.020000000000000018e+00,-1.832400000000000029e+00,1.127599999999999936e+00,2.900199999999999889e+00,1.318300000000000027e+00,9.263200000000000323e-01,3.136000000000000121e+00,3.004799999999999915e+00,-9.806099999999999817e-01,1.454099999999999948e+00,1.867299999999999960e+00,7.668000000000000371e-01
-1.967700000000000005e+00,1.875399999999999956e+00,4.349099999999999966e+00,1.271700000000000053e+00,-1.037099999999999911e+00,4.962200000000000166e+00,7.717100000000000071e-01,6.436700000000000088e+00,-8.175400000000000444e-01,2.508000000000000007e+00,-3.081500000000000128e+00,-1.064400000000000013e+00,3.542699999999999960e+00,3.012700000000000156e+00,5.271099999999999675e+00
-2.363799999999999901e+00,-1.132400000000000073e+00,1.716900000000000093e+00,3.117900000000000116e+00,1.045800000000000063e+00,-3.088000000000000078e+00,1.825900000000000079e+00,2.647299999999999986e+00,-7.795800000000000507e-01,2.363800000000000068e-01,-4.488000000000000433e+00,-2.138399999999999856e+00,4.858100000000000307e+00,4.959700000000000220e-01,1.741900000000000004e+00
2.589599999999999902e+00,-2.641199999999999992e+00,-2.866400000000000059e+00,3.725699999999999790e+00,1.210199999999999942e+00,-4.179400000000000226e+00,-1.570899999999999963e+00,-5.106499999999999595e+00,-3.377099999999999991e+00,-1.675599999999999867e-01,-1.318500000000000005e+00,8.892100000000000004e-02,-2.681200000000000250e-01,2.702600000000000002e-01,-6.036400000000000432e+00
-2.294599999999999973e+00,-4.966099999999999959e+00,5.201000000000000068e-01,3.261399999999999855e-01,-2.818000000000000060e+00,-8.560499999999999776e-01,-3.177500000000000213e+00,-1.116100000000000092e+00,-4.073400000000000354e+00,-1.708299999999999930e+00,9.037800000000000278e-01,-4.495799999999999796e-01,5.688199999999999923e-01,3.951299999999999951e-02,-1.836600000000000010e+00
-3.299700000000000077e+00,-1.648700000000000054e+00,1.231100000000000083e+00,-1.709500000000000020e+00,-1.340799999999999992e+00,-2.937299999999999911e-01,-1.298499999999999988e+00,4.727800000000000225e+00,-5.139700000000000379e-01,-2.036600000000000077e-01,-3.442700000000000204e-01,6.131900000000000128e-01,2.365600000000000147e+00,-1.031900000000000039e+00,1.753100000000000103e+00
-1.402300000000000102e+00,-4.835600000000000342e+00,-2.882899999999999796e+00,-3.813000000000000167e+00,-2.190799999999999859e+00,-6.687300000000000466e-01,-2.607700000000000018e-01,2.642199999999999882e+00,7.233000000000000540e-01,1.947400000000000020e+00,5.059800000000000075e+00,2.843700000000000117e-01,1.486500000000000044e-01,-1.120600000000000068e-01,4.064000000000000057e+00
1.208399999999999919e+00,-2.773699999999999832e+00,-4.362899999999999778e+00,-5.726399999999999935e+00,6.859499999999999487e-01,3.653100000000000236e-01,6.786200000000000010e-01,-1.322699999999999987e+00,-3.339900000000000091e+00,-2.457599999999999785e+00,4.692999999999999616e+00,1.873199999999999976e+00,-1.048599999999999977e+00,3.685499999999999887e-01,1.002099999999999991e+00
4.181799999999999962e+00,-2.386000000000000065e-01,-2.226799999999999891e+00,3.920700000000000074e+00,3.229499999999999815e+00,-6.415699999999999736e-01,3.216499999999999915e+00,-6.133700000000000152e+00,-2.038499999999999979e+00,-4.988800000000000345e+00,3.029600000000000071e-01,3.916900000000000048e+00,-8.490699999999999914e-01,-1.386499999999999955e-01,-2.184600000000000097e+00
-1.855799999999999894e+00,-1.351299999999999946e+00,-2.421200000000000019e-01,1.446800000000000030e-01,-2.953800000000000203e+00,1.023700000000000054e+00,-1.752399999999999958e+00,-1.685899999999999954e+00,3.770300000000000207e+00,-7.069499999999999673e-01,-2.585199999999999942e+00,4.133700000000000152e+00,-1.009200000000000097e+00,-2.112499999999999822e+00,-4.296800000000000175e+00
-4.634000000000000341e+00,-2.540099999999999802e+00,2.930600000000000094e+00,-1.504899999999999904e+00,-3.178700000000000081e+00,4.121400000000000396e+00,1.182600000000000096e+00,3.896100000000000119e+00,4.838700000000000223e+00,4.865000000000000213e+00,-4.263099999999999667e+00,1.071499999999999897e+00,4.244499999999999940e-01,1.991400000000000059e+00,4.250499999999999723e+00
-9.236199999999999966e-01,-9.454799999999999871e-01,-2.036300000000000221e+00,-2.605599999999999916e+00,-2.357099999999999973e+00,5.986799999999999677e+00,3.997700000000000031e+00,1.535199999999999898e+00,2.980399999999999938e+00,6.918699999999999850e-01,-1.559099999999999930e+00,-3.258100000000000218e+00,-7.320500000000000618e-02,-6.708499999999999464e-01,3.134999999999999787e+00
2.245600000000000041e+00,3.359300000000000064e-01,-3.269699999999999829e+00,-1.281400000000000095e+00,-3.626599999999999824e-01,2.007099999999999884e+00,2.158700000000000063e+00,-4.890600000000000058e+00,4.309000000000000052e-01,-3.211600000000000010e-01,-2.681099999999999817e+00,-4.156500000000000306e+00,-3.085500000000000131e+00,-1.772599999999999953e+00,-8.579900000000000027e-02
-1.477000000000000091e+00,2.178100000000000147e+00,-1.704399999999999915e+00,-1.184399999999999897e+00,-2.018899999999999917e+00,-5.956000000000000405e+00,-1.960099999999999953e+00,-3.583099999999999952e+00,-5.927299999999999791e-01,-9.130399999999999627e-01,4.358600000000000030e+00,4.029599999999999849e-02,-2.937899999999999956e+00,1.127899999999999903e+00,-2.807399999999999896e-01
-1.083800000000000097e+00,4.923600000000000421e+00,1.808899999999999952e+00,-8.920099999999999696e-01,1.529700000000000060e+00,-3.049100000000000144e+00,-1.661699999999999955e+00,6.752799999999999914e-01,-1.368600000000000025e-02,-2.263100000000000112e+00,3.114300000000000068e+00,1.251200000000000090e+00,-1.020800000000000041e-01,4.177500000000000213e+00,1.468299999999999939e+00
3.430800000000000072e+00,3.075099999999999945e+00,5.251800000000000246e+00,2.018800000000000150e+00,5.992899999999999672e+00,1.382900000000000018e+00,1.683199999999999974e-01,2.188199999999999867e-01,-3.326799999999999979e+00,-6.548500000000000432e-01,-1.696099999999999941e+00,-1.813600000000000101e+00,-9.909000000000000030e-01,1.808699999999999974e+00,-1.914500000000000091e+00
4.374399999999999622e+00,-7.724999999999999645e-01,1.758499999999999952e+00,5.840999999999999526e-01,7.775600000000000289e-01,4.890799999999999592e+00,5.494399999999999729e+00,5.607499999999999929e+00,-2.537100000000000133e+00,-3.145499999999999963e-01,-5.621299999999999741e+00,-5.466400000000000148e+00,-1.578199999999999881e-01,4.463300000000000045e-01,-3.715399999999999814e+00
3.546300000000000008e+00,1.628600000000000048e+00,-2.197700000000000209e+00,-1.594899999999999984e+00,-2.291500000000000092e+00,1.774999999999999911e+00,2.335999999999999854e+00,-1.350400000000000045e+00,-8.816000000000000503e-01,-4.643599999999999950e-01,4.749499999999999833e-01,-7.678500000000000325e-01,-8.677799999999999958e-01,-5.126800000000000246e-01,7.848900000000000321e-02
4.393500000000000183e-01,1.660900000000000043e+00,-2.339300000000000157e+00,-7.894099999999999451e-01,-2.712600000000000011e-01,-4.929800000000000182e+00,-4.103299999999999947e+00,-2.925899999999999945e+00,-3.353299999999999947e+00,3.395699999999999830e-01,1.653000000000000025e-01,-9.226799999999999446e-01,9.199199999999999600e-01,1.005500000000000060e+00,-9.249399999999999844e-01
-4.444899999999999629e+00,-2.096200000000000063e+00,-1.223400000000000043e+00,-9.248499999999999499e-01,-1.156900000000000039e+00,-1.540200000000000014e+00,-5.323199999999999932e+00,-2.912000000000000144e-01,3.771100000000000008e-01,-1.258199999999999985e+00,4.775999999999999801e+00,-6.594099999999999961e-02,-2.879999999999999893e+00,1.116100000000000092e+00,-9.604000000000000314e-01
-4.388600000000000279e+00,2.499399999999999955e-01,-1.978299999999999947e+00,-9.080799999999999983e-01,3.005399999999999849e+00,1.581800000000000095e+00,-4.976800000000000113e-01,2.253299999999999859e+00,2.835599999999999898e+00,-4.280800000000000161e-01,2.536599999999999966e+00,-1.437000000000000055e+00,-1.581900000000000084e+00,-2.744699999999999918e+00,-2.112099999999999866e+00
-2.387999999999999901e+00,-1.980299999999999949e+00,-1.714499999999999913e+00,-1.927100000000000035e+00,-7.437200000000000477e-01,-4.926499999999999768e-01,-9.052900000000000391e-01,1.181100000000000039e+00,8.524199999999999555e-01,5.765200000000000324e-01,8.673699999999999743e-01,2.674300000000000010e-01,-1.191599999999999993e+00,-4.683399999999999785e+00,-2.657599999999999893e-02
-1.990799999999999903e+00,6.913200000000000456e-01,-1.057600000000000068e-01,3.317800000000000193e-01,-2.767799999999999816e+00,1.027199999999999891e+00,-4.116399999999999615e+00,-3.602799999999999780e+00,2.825599999999999778e-01,-3.054199999999999804e+00,-6.043199999999999683e+00,-7.908699999999999619e-01,-2.916199999999999903e-01,-1.610100000000000087e+00,1.367299999999999960e+00
-2.101599999999999913e+00,1.599699999999999900e+00,1.345800000000000107e+00,4.810800000000000076e-01,-4.534199999999999897e-01,-1.502799999999999969e-01,7.740099999999999758e-01,-4.966099999999999959e+00,-7.913499999999999979e-01,-6.634799999999999587e-01,-5.014899999999999913e+00,-1.101799999999999891e+00,-2.637700000000000045e-01,-3.022799999999999931e-01,-2.184899999999999842e+00
-1.076899999999999968e+00,1.239800000000000013e+00,9.389100000000000223e-01,6.656499999999999639e-01,-9.790499999999999758e-01,-1.928199999999999914e+00,-4.817400000000000015e-01,-5.367100000000000204e-01,-3.320600000000000218e+00,-1.353599999999999914e+00,-1.375699999999999923e+00,-3.043400000000000105e+00,-3.897699999999999942e+00,-2.090100000000000069e+00,-5.618999999999999773e+00
-9.398699999999999832e-01,-4.233299999999999841e+00,-1.954800000000000093e+00,6.984799999999999898e-01,6.798300000000000454e-01,7.418400000000000341e-03,4.101899999999999991e-02,7.189299999999999580e-01,1.731800000000000006e+00,5.935799999999999965e-01,-2.694599999999999884e+00,-1.734499999999999931e+00,-2.663899999999999935e+00,-3.778000000000000025e+00,-5.563200000000000145e+00
4.645500000000000185e-01,-3.118500000000000050e+00,1.730899999999999939e-01,2.708000000000000185e+00,-1.011600000000000055e+00,6.534699999999999953e-01,6.171200000000000019e-01,-4.008800000000000141e-01,4.021899999999999586e+00,2.384199999999999875e+00,-2.431099999999999817e+00,-1.148300000000000098e+00,-1.685799999999999965e+00,-2.467499999999999805e+00,-2.124099999999999877e-01
2.499499999999999833e+00,9.891499999999999737e-01,1.324600000000000000e+00,1.717799999999999883e-01,2.338499999999999801e+00,3.683699999999999974e+00,2.528500000000000192e+00,3.538699999999999957e+00,2.818700000000000205e+00,1.661699999999999955e+00,4.080500000000000238e-01,-1.095499999999999918e+00,5.676299999999999679e-01,1.631599999999999939e+00,-1.297900000000000054e+00
1.173399999999999999e+00,1.578000000000000069e+00,5.350999999999999979e+00,2.027899999999999814e+00,3.692500000000000226e-01,-2.189899999999999902e-01,1.502000000000000002e+00,6.494100000000000428e+00,3.897800000000000153e+00,4.224000000000000199e+00,-1.514299999999999979e+00,-9.844300000000000272e-01,4.505499999999999616e+00,2.398600000000000065e+00,1.203400000000000025e+00
-5.215499999999999581e-01,-3.035200000000000120e+00,1.263900000000000023e+00,5.298100000000000032e-01,1.613599999999999923e+00,-3.853699999999999903e+00,-4.835800000000000098e-01,1.406600000000000072e+00,-2.327399999999999913e+00,-3.097599999999999798e-01,7.955200000000000049e-01,6.988999999999999657e-01,1.726900000000000102e+00,-1.499400000000000066e+00,-6.397800000000000153e-01
3.476600000000000246e-01,-3.051699999999999857e+00,-2.813299999999999912e+00,-7.388700000000000268e-01,-1.490699999999999914e+00,-3.277299999999999880e+00,1.857900000000000107e+00,-6.601399999999999935e+00,-8.018399999999999750e+00,1.554399999999999948e-01,2.033300000000000107e+00,2.694399999999999906e+00,5.267899999999999805e-01,-1.467500000000000027e+00,1.605299999999999949e+00
1.695699999999999985e+00,-8.904800000000000493e-01,-2.778799999999999937e+00,-7.079299999999999482e-01,-6.910100000000000131e-01,1.080999999999999961e+00,2.319100000000000161e+00,3.447400000000000020e+00,-8.627899999999999459e-01,6.748399999999999954e-01,-1.150300000000000100e+00,1.666400000000000103e+00,-3.509499999999999842e-01,-2.321699999999999875e-01,5.592399999999999594e+00
7.974199999999999344e-02,-2.887399999999999967e+00,-5.042600000000000415e-01,4.881499999999999728e-01,-1.161399999999999988e+00,-8.158100000000000351e-01,-1.223200000000000065e+00,-2.545999999999999930e-01,-2.089900000000000091e+00,-2.147100000000000009e+00,-5.461200000000000498e-01,-5.375799999999999468e-01,1.321600000000000108e+00,7.447700000000000431e-01,1.684199999999999919e+00
1.899799999999999933e+00,2.551499999999999879e+00,6.878100000000000325e-01,2.264200000000000212e+00,1.243400000000000061e+00,1.233599999999999974e-01,-9.208800000000000319e-01,-1.580000000000000071e+00,-1.831700000000000106e+00,2.334799999999999986e+00,7.362600000000000255e-01,-1.434300000000000019e-01,-1.093299999999999966e-01,-7.138700000000000045e-01,-2.484199999999999964e+00
1.549099999999999921e+00,-1.460800000000000098e+00,1.172700000000000076e+00,1.408400000000000096e+00,2.688299999999999912e+00,9.859999999999999321e-02,-3.522700000000000276e-01,1.691000000000000059e+00,6.770800000000000152e-01,2.824899999999999967e+00,7.005299999999999860e-01,4.761800000000000033e+00,1.548300000000000010e+00,2.423899999999999944e-01,-5.602300000000000058e-01
4.925300000000000011e+00,2.370899999999999785e+00,4.704699999999999882e+00,4.858399999999999941e-01,1.597000000000000086e-01,2.650100000000000233e-01,6.125500000000000389e-01,8.631999999999999673e-01,9.677900000000000391e-01,3.078500000000000014e+00,3.553599999999999870e+00,4.555100000000000371e+00,1.645199999999999996e+00,3.214500000000000135e+00,4.046299999999999564e+00
1.642800000000000038e+00,5.228100000000000414e+00,-2.636299999999999866e+00,1.912700000000000067e+00,4.155400000000000205e+00,7.798199999999999577e-01,1.739600000000000035e+00,8.072799999999999976e-01,9.767799999999999816e-01,-1.440499999999999892e+00,-1.647800000000000098e-01,1.096600000000000019e+00,-1.128600000000000020e-01,-4.196500000000000230e-01,1.604200000000000070e-01
6.758499999999999508e-01,3.340599999999999792e+00,-5.569800000000000306e-01,6.211899999999999977e+00,1.601499999999999924e+00,-1.128600000000000048e+00,2.778799999999999937e+00,-3.628299999999999859e-01,4.965600000000000014e-01,-4.346799999999999997e+00,-4.036699999999999733e-01,1.894300000000000095e+00,-3.845199999999999729e-01,1.715899999999999981e+00,5.608699999999999797e-01
2.863199999999999967e+00,1.979899999999999993e+00,2.399300000000000210e+00,1.509000000000000064e-01,-2.027099999999999902e+00,9.730999999999999650e-01,3.322100000000000053e-01,-4.385699999999999932e+00,-1.298100000000000032e+00,-3.126900000000000013e+00,-3.562799999999999995e-02,-2.968299999999999828e-01,-1.676199999999999912e+00,3.512199999999999989e+00,2.924500000000000099e+00
8.641000000000000070e-02,-3.142799999999999816e+00,1.819999999999999951e-01,-1.802200000000000024e+00,-2.149700000000000166e+00,1.807299999999999907e+00,-6.997900000000000231e-01,2.522100000000000009e+00,1.892600000000000060e+00,-2.233000000000000096e+00,2.115099999999999980e+00,-1.193500000000000005e+00,-2.386899999999999959e-03,-5.570699999999999541e-01,4.877000000000000224e-01
-2.264499999999999957e+00,3.556000000000000272e-01,-1.447999999999999954e+00,-1.504199999999999982e+00,-3.207500000000000018e+00,4.249200000000000088e+00,1.638799999999999979e-01,3.427299999999999791e-01,1.879699999999999926e+00,-5.007399999999999629e-01,3.286099999999999799e+00,-4.491999999999999882e-01,-1.987500000000000044e+00,-4.429199999999999804e-01,4.957500000000000240e-01
-1.586200000000000054e+00,5.614200000000000301e+00,3.052900000000000169e+00,1.552800000000000014e-01,-7.150600000000000289e-01,3.052700000000000191e+00,2.767800000000000260e-01,1.724299999999999944e+00,3.597999999999999865e+00,2.733000000000000096e+00,2.493299999999999961e-01,2.309400000000000119e+00,3.820600000000000218e+00,2.713799999999999990e+00,2.198299999999999976e-01
-1.039400000000000102e+00,4.206100000000000172e+00,-4.044099999999999917e-01,-1.964699999999999891e+00,-4.522800000000000153e-01,-5.147699999999999498e-01,2.378000000000000114e+00,3.516300000000000203e+00,2.375900000000000123e+00,2.437600000000000211e+00,2.609399999999999942e+00,7.106999999999999984e-01,1.665599999999999969e+00,1.903200000000000003e+00,1.746399999999999897e-01
-1.659000000000000030e+00,-8.556200000000000472e-01,5.506400000000000183e-02,1.411100000000000021e+00,2.216299999999999937e-01,-3.018299999999999983e+00,-8.256299999999999750e-01,-2.600800000000000001e+00,-2.735399999999999832e+00,2.759599999999999831e+00,3.074500000000000011e+00,-6.110000000000000153e-02,-1.854400000000000048e+00,1.395299999999999985e+00,1.252099999999999991e+00
-1.240599999999999925e+00,-3.513500000000000068e+00,-3.541699999999999848e-01,3.362699999999999800e+00,4.729300000000000170e-01,3.066500000000000004e+00,3.987800000000000011e+00,-2.194399999999999906e+00,-1.023099999999999982e-01,2.943599999999999994e+00,-2.149999999999999911e+00,-2.751799999999999802e+00,-2.469899999999999984e+00,-2.884999999999999787e+00,-8.765399999999999858e-01
-4.855599999999999916e-01,-1.659699999999999953e+00,4.393299999999999983e-01,-7.541099999999999470e-01,2.738599999999999923e+00,-6.926600000000000534e-01,4.939600000000000435e+00,5.006899999999999906e+00,4.461800000000000210e+00,2.740600000000000147e+00,-3.750399999999999956e+00,-3.070100000000000051e-01,-3.166999999999999815e-01,-1.234499999999999931e+00,8.862499999999999822e-01
7.297799999999999843e-01,6.162100000000000355e-01,9.654399999999999649e-01,-3.725999999999999979e+00,3.247900000000000009e+00,-1.067099999999999937e+00,2.546100000000000030e+00,1.270699999999999941e+00,2.076000000000000068e+00,-3.139600000000000168e+00,-1.286299999999999999e+00,-2.345200000000000173e+00,1.083599999999999897e+00,-6.443900000000000183e-01,1.705300000000000038e+00
3.264299999999999979e+00,2.338600000000000012e+00,2.274500000000000188e+00,2.129300000000000193e+00,-1.252799999999999914e+00,3.869699999999999918e+00,1.051700000000000079e+00,1.002099999999999991e+00,5.370000000000000329e-01,-2.513900000000000023e+00,6.794300000000000339e-02,-5.044100000000000250e-01,1.441799999999999971e+00,-1.884299999999999864e-01,1.178199999999999914e+00
4.670599999999999752e-02,-9.341399999999999704e-02,3.684899999999999842e+00,9.227599999999999691e-02,-1.675000000000000044e+00,4.539799999999999947e-01,-2.995499999999999829e+00,4.036400000000000432e+00,2.574100000000000055e+00,1.077299999999999924e+00,3.583000000000000185e+00,3.662399999999999878e+00,3.497399999999999842e+00,4.329699999999999882e+00,3.703800000000000203e+00
-2.672099999999999920e+00,-3.032200000000000006e+00,-1.564599999999999991e+00,-2.884199999999999875e+00,7.454899999999999860e-01,-1.799900000000000055e+00,-5.663899999999999935e+00,-1.029300000000000104e+00,1.542699999999999960e+00,7.809000000000000385e-01,2.996599999999999930e+00,2.794599999999999973e+00,2.453399999999999803e+00,2.151199999999999779e+00,5.348199999999999621e-01
1.956399999999999917e+00,-2.337299999999999933e+00,-2.265899999999999803e+00,-3.903000000000000025e+00,3.602100000000000080e+00,-4.886400000000000077e+00,-6.637500000000000178e+00,-7.936700000000000088e+00,-2.782999999999999918e+00,-8.631299999999999528e-01,4.597899999999999765e-01,1.047099999999999920e+00,-4.058800000000000185e-01,-2.327100000000000168e+00,-2.988999999999999879e+00
-1.209999999999999964e+00,7.968899999999999872e-01,-2.212400000000000144e+00,-3.117799999999999905e+00,2.076000000000000068e+00,-6.650899999999999590e-01,-4.553200000000000358e+00,1.945799999999999974e+00,1.874200000000000088e+00,-3.733900000000000219e+00,-2.521399999999999864e+00,-2.232000000000000206e+00,-2.041100000000000136e+00,-2.449500000000000011e+00,-2.919999999999999929e+00
-7.403899999999999926e-01,-9.514599999999999724e-01,-1.858899999999999997e+00,-1.018799999999999928e+00,-2.384700000000000042e+00,-1.107599999999999918e+00,1.876300000000000079e+00,2.741099999999999870e+00,2.730799999999999894e+00,-8.801700000000000079e-01,-2.818799999999999972e+00,-3.333299999999999930e+00,-1.775599999999999956e-01,4.176799999999999957e-01,-1.431300000000000017e+00
1.970699999999999896e+00,-2.816000000000000170e-01,-2.119200000000000195e+00,2.161000000000000032e+00,-1.934299999999999908e+00,-8.567500000000000115e-01,-1.137000000000000011e+00,-3.946400000000000130e+00,-2.456900000000000084e+00,2.542900000000000160e-01,-1.335800000000000098e+00,-4.362400000000000166e-01,2.431200000000000028e-01,-2.247500000000000053e-01,-8.850299999999999834e-01
-8.679299999999999793e-01,-6.428500000000000325e-01,-8.891000000000000014e-01,5.031600000000000072e+00,-1.355799999999999894e+00,3.419700000000000184e+00,-2.665200000000000014e+00,-4.730400000000000382e+00,-3.892399999999999860e+00,1.475000000000000089e+00,2.166700000000000070e+00,-1.019800000000000040e+00,1.638200000000000101e+00,-6.047700000000000298e-01,-1.607599999999999862e-01
-1.993700000000000028e+00,-2.273800000000000043e+00,-6.108599999999999586e-01,-5.805900000000000505e-01,-2.011000000000000121e+00,-1.311800000000000077e+00,-4.489499999999999602e+00,-1.735700000000000021e+00,6.688499999999999446e-01,8.757399999999999907e-02,-1.389399999999999968e+00,-8.409499999999999753e-01,-9.780799999999999494e-01,-4.367400000000000171e-01,-9.652300000000000324e-01
-2.195800000000000196e+00,-4.653200000000000114e-01,7.534600000000000186e-01,-4.734499999999999820e-01,-2.709499999999999797e+00,-4.211400000000000254e+00,2.294399999999999995e+00,2.810799999999999965e+00,3.795999999999999819e+00,3.650500000000000272e-02,-3.832199999999999829e+00,-2.478400000000000158e+00,-4.477200000000000069e-01,8.235999999999999988e-01,3.174300000000000122e+00
1.076699999999999990e+00,-1.442199999999999926e+00,2.671499999999999986e+00,4.855999999999999872e+00,3.225200000000000067e+00,-2.321299999999999919e+00,1.347900000000000098e+00,1.213899999999999979e+00,2.260800000000000143e+00,-4.783999999999999919e-01,3.566899999999999959e+00,3.183199999999999807e+00,1.371299999999999963e+00,9.224799999999999667e-01,3.339900000000000091e-01
-3.178400000000000114e-01,1.585900000000000087e+00,4.484799999999999898e+00,1.609499999999999931e+00,-6.895999999999999908e-01,2.654799999999999827e+00,-1.853599999999999914e+00,1.143999999999999906e+00,-2.688499999999999890e+00,6.357100000000000251e-02,3.017199999999999882e+00,2.821600000000000108e+00,1.503400000000000070e+00,4.656699999999999728e-01,1.769800000000000040e+00
8.120199999999999640e-01,3.664699999999999847e+00,2.077300000000000146e+00,-1.003400000000000070e+00,-2.660099999999999909e+00,3.552600000000000202e-01,-7.999500000000000499e-01,1.033800000000000052e+00,-1.543400000000000105e+00,1.755600000000000049e+00,-7.104099999999999859e-01,6.670800000000000063e-01,2.741499999999999826e+00,-6.941899999999999737e-01,-4.388400000000000079e-01
-1.612399999999999944e-01,-2.940999999999999726e-01,-6.380399999999999849e+00,-3.778500000000000192e+00,-7.081199999999999717e-01,-2.976199999999999957e+00,-1.441599999999999993e+00,1.840000000000000080e+00,9.883699999999999708e-01,6.564799999999999525e-01,-2.186300000000000132e+00,-1.283400000000000096e+00,5.356999999999999540e-01,3.867700000000000027e-01,-2.443700000000000039e-01
-1.908900000000000041e+00,3.137900000000000134e-01,-4.570199999999999818e+00,-1.885799999999999921e+00,-8.637399999999999523e-01,-2.498600000000000154e+00,-2.680299999999999905e+00,9.620499999999999607e-01,1.723100000000000076e+00,-4.931499999999999773e-01,-1.744299999999999962e+00,-2.044000000000000039e+00,-1.491100000000000092e+00,2.645900000000000141e+00,5.549500000000000544e-01
2.850000000000000089e+00,3.222900000000000098e+00,1.953600000000000003e+00,-3.223599999999999799e+00,1.756299999999999972e+00,3.251500000000000057e+00,5.237000000000000544e-01,2.108299999999999841e+00,8.824199999999999822e-01,2.614799999999999902e-01,3.018800000000000150e+00,5.059900000000000508e-01,-5.691000000000000503e-01,2.033799999999999830e+00,4.631999999999999673e+00
5.628999999999999559e+00,5.105299999999999727e+00,1.574400000000000022e+00,-1.862100000000000088e+00,3.836699999999999999e+00,4.044800000000000395e+00,3.369299999999999962e+00,-1.125599999999999934e+00,-3.592299999999999827e+00,-2.587900000000000200e-01,3.918000000000000149e+00,1.486900000000000110e+00,1.424299999999999899e+00,-4.433199999999999918e-01,1.471300000000000052e+00
1.597499999999999920e+00,1.916700000000000070e+00,3.897600000000000176e+00,-5.212599999999999456e-01,4.412899999999999601e+00,-2.121700000000000141e+00,2.442699999999999871e+00,-2.830200000000000049e+00,-2.919499999999999873e-01,5.793700000000000516e-01,1.097299999999999942e+00,3.140100000000000113e-01,1.325299999999999923e+00,3.641700000000000159e+00,1.949699999999999989e+00
-3.930800000000000072e+00,3.408900000000000263e-01,2.160699999999999843e+00,-6.585400000000000142e-01,2.906099999999999794e-01,-5.980299999999999505e-01,-1.868400000000000061e+00,-2.767399999999999860e+00,3.620099999999999874e+00,-1.689599999999999991e+00,-2.249099999999999877e+00,1.832200000000000051e+00,1.111900000000000110e+00,7.037400000000000322e-01,-2.119299999999999962e+00
-1.108100000000000085e+00,-3.289200000000000124e+00,-3.887999999999999790e-01,-3.818699999999999872e-01,2.277699999999999836e+00,2.382099999999999884e+00,4.057699999999999640e+00,-1.572999999999999954e+00,-2.431000000000000050e+00,-1.601900000000000102e+00,-3.170200000000000240e-01,-4.373199999999999865e-01,7.572999999999999732e-01,3.100999999999999868e-01,-2.946400000000000130e+00
2.088699999999999779e+00,-2.754100000000000215e+00,9.360199999999999632e-01,-3.810999999999999943e-01,-9.607400000000000384e-01,-7.160999999999999588e-01,5.479599999999999582e+00,2.395000000000000018e+00,-2.121399999999999952e+00,-8.243099999999999872e-01,-2.674100000000000144e+00,-3.310599999999999987e+00,2.948399999999999910e-01,-3.551800000000000068e+00,-4.362300000000000288e+00
1.293900000000000050e-01,-6.646199999999999886e-01,-4.673399999999999999e+00,-1.231300000000000061e+00,-5.641899999999999693e+00,-1.583599999999999897e+00,2.883799999999999919e+00,-1.494099999999999984e+00,-2.411399999999999988e+00,1.908999999999999933e-02,-3.186900000000000066e+00,-1.314599999999999991e+00,-3.868199999999999861e+00,-1.859499999999999931e+00,-3.049900000000000055e+00
-3.903799999999999937e+00,-2.526600000000000179e+00,-3.393899999999999917e+00,-9.569400000000000128e-01,-3.070100000000000051e-01,6.429200000000000470e-01,-1.018999999999999941e-02,-3.596499999999999808e+00,6.739699999999999580e-01,2.856599999999999806e+00,-2.404599999999999849e+00,8.270499999999999519e-01,-2.932700000000000085e+00,-2.192800000000000082e+00,-4.243699999999999584e+00
-2.840800000000000214e+00,-5.784299999999999997e-01,-2.731700000000000017e+00,5.553399999999999448e-01,-3.399000000000000021e+00,8.856199999999999628e-01,-3.416100000000000136e+00,1.926299999999999901e+00,7.198299999999999699e-01,1.736399999999999944e+00,1.785800000000000054e+00,3.072900000000000187e+00,-1.628600000000000048e+00,-1.660900000000000043e+00,2.588199999999999876e-02
-5.816200000000000259e-01,-2.310400000000000009e+00,-7.097799999999999665e-01,-2.840099999999999847e-01,-2.563600000000000101e+00,1.716600000000000070e-01,-3.390899999999999803e+00,-6.586999999999999800e-02,1.591099999999999959e+00,9.943300000000000471e-01,6.092699999999999783e-01,-9.988399999999999501e-01,-2.314499999999999780e+00,-2.390899999999999803e+00,-2.379999999999999893e+00
2.362400000000000055e+00,-7.820300000000000029e-01,-1.118300000000000072e+00,3.976199999999999957e+00,1.700599999999999890e-01,3.467399999999999927e-01,-2.109399999999999942e+00,-3.815399999999999903e+00,-4.751699999999999591e+00,-3.447400000000000020e+00,-4.922300000000000009e-01,-1.884400000000000075e+00,-2.394800000000000040e+00,-2.868799999999999795e+00,4.488000000000000433e+00
2.213900000000000201e+00,4.542999999999999816e-02,-9.872600000000000264e-01,-1.161799999999999944e+00,-1.076400000000000023e+00,-4.592800000000000216e-01,-2.354000000000000092e+00,-4.081699999999999662e+00,-9.556099999999999595e-01,-1.690499999999999892e+00,-1.102000000000000091e+00,2.458000000000000185e+00,-3.640200000000000102e-01,-1.731600000000000028e+00,6.734700000000000131e-01
-3.361400000000000166e+00,2.905100000000000016e+00,-1.431400000000000006e+00,-3.261800000000000033e+00,-5.078899999999999526e-01,2.157099999999999795e+00,-8.470699999999999896e-01,3.302200000000000024e+00,7.302400000000000002e-01,-1.540599999999999969e+00,-1.594300000000000050e+00,2.309499999999999886e+00,6.417800000000000171e-01,1.121699999999999919e+00,-6.500299999999999967e-01
-3.903000000000000025e+00,3.119600000000000151e+00,1.918299999999999894e+00,-1.167000000000000037e+00,9.232900000000000551e-01,-6.472299999999999720e-01,2.581600000000000006e-01,2.708000000000000185e+00,-2.489399999999999835e+00,-2.124600000000000044e+00,-6.185000000000000497e-01,1.219600000000000017e+00,2.782000000000000028e+00,3.408399999999999874e+00,1.272499999999999964e+00
-4.097799999999999776e-01,1.111499999999999932e+00,2.067700000000000093e-01,3.118400000000000061e-01,-2.320899999999999963e+00,1.488399999999999945e+00,-7.540200000000000236e-01,-3.697299999999999809e+00,-5.000000000000000000e+00,-1.080899999999999972e+00,1.024000000000000021e+00,-2.209400000000000031e+00,7.956900000000000084e-01,2.134500000000000064e+00,-3.605799999999999977e-02
-2.079699999999999882e-01,-2.118799999999999795e+00,-6.016799999999999926e-01,-3.332399999999999807e-01,-2.131400000000000183e+00,1.635800000000000032e-01,6.880399999999999849e+00,2.691199999999999815e+00,2.988599999999999923e+00,1.366100000000000092e+00,-1.132900000000000018e+00,-2.428599999999999870e+00,6.510199999999999321e-02,-5.670899999999999830e-01,-2.271199999999999886e+00
1.537800000000000056e+00,1.142200000000000104e+00,-1.008499999999999952e+00,-2.060099999999999987e-01,8.477299999999999836e-01,5.214100000000000179e+00,5.139400000000000190e+00,4.005700000000000038e+00,5.714099999999999735e-01,2.837099999999999955e+00,3.286300000000000221e+00,5.882500000000000506e-01,-1.109900000000000109e+00,-2.314700000000000202e+00,4.813600000000000101e-01
4.982300000000000395e+00,5.919299999999999562e-01,-1.842699999999999894e-01,1.511200000000000099e+00,5.166300000000000336e-01,6.273600000000000287e-01,3.805200000000000138e+00,-3.015600000000000058e+00,-4.898200000000000109e+00,2.569199999999999817e-01,-1.066400000000000015e+00,2.749299999999999855e+00,-2.981400000000000161e-01,-3.446600000000000108e+00,2.942600000000000215e-01
1.163999999999999924e+00,-1.399999999999999911e+00,-1.135599999999999943e+00,1.675799999999999956e+00,8.157499999999999751e-01,-1.189500000000000002e+00,-6.174199999999999688e-01,-6.911199999999999566e-01,-2.445399999999999796e+00,-2.487999999999999989e+00,-2.215600000000000069e-01,-2.908399999999999874e+00,-3.522800000000000153e+00,-2.683300000000000018e+00,-4.323299999999999699e+00
-3.461399999999999810e+00,-4.040799999999999947e+00,9.096499999999999586e-01,4.439799999999999858e-01,2.428200000000000081e-01,3.807799999999999851e+00,-2.766999999999999904e+00,8.974800000000000555e-01,-3.048500000000000210e+00,1.711799999999999988e+00,-1.695000000000000062e+00,-4.108200000000000074e+00,-2.852599999999999802e+00,-2.130399999999999849e+00,-3.165799999999999947e+00
-2.202100000000000168e+00,-1.930299999999999905e+00,2.984300000000000147e-02,7.922099999999999698e-01,-8.025799999999999601e-01,-2.685500000000000220e+00,-7.399299999999999766e-01,-3.348599999999999799e+00,-2.147899999999999920e+00,2.465599999999999792e+00,1.125399999999999956e+00,2.301299999999999901e+00,-2.138700000000000045e-01,-4.734200000000000075e-01,-4.769800000000000151e-01
-3.863099999999999867e-01,-1.968599999999999905e+00,9.115600000000000369e-01,3.036399999999999988e+00,3.498800000000000243e-01,-1.607399999999999940e+00,-1.947200000000000042e+00,-2.636299999999999866e+00,-3.736899999999999888e+00,1.171499999999999986e+00,5.588599999999999568e+00,2.171100000000000030e+00,8.945100000000000273e-01,1.216900000000000093e+00,3.047099999999999920e+00
1.700199999999999934e+00,4.537899999999999601e+00,2.716499999999999915e+00,1.767300000000000093e+00,2.743599999999999817e+00,1.889299999999999979e+00,8.627700000000000369e-01,3.547799999999999843e-01,-6.321799999999999642e-02,-1.303199999999999914e+00,2.158700000000000063e+00,9.203299999999999814e-01,1.100000000000000006e-01,3.218300000000000161e+00,1.063700000000000090e+00
-8.324300000000000033e-01,1.816400000000000015e+00,-1.225900000000000045e-01,7.504999999999999449e-01,-8.187400000000000233e-01,-1.052999999999999936e+00,-3.220099999999999962e+00,1.742299999999999960e+00,2.229699999999999793e+00,-3.627199999999999869e-01,-3.479099999999999859e+00,-1.155499999999999972e+00,9.744899999999999396e-02,-1.166900000000000048e+00,-9.748799999999999688e-01
-9.063600000000000545e-01,-1.509300000000000086e+00,-3.456799999999999873e-01,2.851199999999999957e+00,2.672200000000000131e+00,-9.611199999999999743e-01,1.386700000000000044e+00,2.549599999999999866e+00,2.834299999999999820e+00,1.025099999999999900e+00,-1.162300000000000111e+00,-4.141000000000000014e+00,1.215000000000000080e+00,1.310799999999999965e+00,5.855500000000000149e-01
-1.262300000000000089e-01,-3.845800000000000107e+00,-4.020099999999999785e-01,2.934400000000000119e+00,-1.600700000000000012e+00,2.435500000000000220e+00,1.528799999999999937e+00,-8.835100000000000176e-01,7.366899999999999560e-01,-8.696199999999999486e-01,5.222099999999999520e-01,-1.334000000000000075e+00,-1.781500000000000083e+00,4.055699999999999861e+00,3.269499999999999851e+00
1.665699999999999958e+00,3.876100000000000101e-01,5.685200000000000031e+00,1.010100000000000026e-01,-1.027199999999999891e+00,5.377299999999999969e+00,4.818800000000000416e+00,2.299599999999999866e+00,1.737999999999999989e+00,3.811199999999999921e+00,-2.004500000000000171e+00,-2.571600000000000108e+00,1.462299999999999933e+00,-1.098200000000000065e+00,-1.485000000000000098e+00
3.886699999999999822e+00,1.503100000000000103e+00,2.166900000000000048e+00,1.443599999999999994e+00,2.651100000000000012e+00,2.055499999999999883e+00,5.084100000000000286e+00,3.173399999999999999e+00,3.641799999999999926e+00,-4.672600000000000087e-01,-1.456800000000000095e+00,-9.158699999999999619e-01,2.374499999999999833e+00,2.383799999999999919e+00,4.771799999999999820e+00
4.631400000000000183e+00,4.560600000000000209e-01,-1.911599999999999966e+00,-4.908199999999999785e-01,1.051299999999999901e+00,-5.496100000000000207e+00,1.623599999999999932e+00,3.604600000000000026e+00,4.724800000000000111e+00,-6.332699999999999996e-01,-1.229100000000000081e+00,-1.851799999999999891e+00,1.222099999999999964e+00,3.325000000000000178e+00,2.904399999999999871e+00
-5.320200000000000484e-01,-2.536599999999999966e-01,-7.824699999999999989e-01,-2.683399999999999785e+00,-5.551800000000000068e-01,-5.423799999999999955e+00,-4.623700000000000365e+00,-1.902199999999999891e+00,2.366899999999999782e+00,-4.325200000000000156e-01,-3.630599999999999938e-01,8.929799999999999960e-01,1.242799999999999905e+00,-2.113500000000000156e+00,-1.727600000000000025e+00
-4.678600000000000314e+00,-2.387000000000000011e+00,-1.149499999999999966e+00,-1.343800000000000106e+00,1.292499999999999982e+00,-1.651200000000000001e+00,-4.145100000000000229e+00,-6.316399999999999793e+00,-6.744900000000000340e+00,-8.498400000000000398e-01,-8.451100000000000279e-02,-8.805399999999999894e-01,-1.432500000000000107e+00,-1.479800000000000004e+00,-1.309600000000000097e+00
-3.188200000000000145e+00,-3.899400000000000088e-01,1.567399999999999904e+00,-2.306700000000000070e-03,3.273200000000000109e+00,-3.972999999999999865e-01,-1.500499999999999945e+00,-5.421700000000000408e-01,2.202199999999999991e-01,-2.460500000000000131e+00,7.531400000000000317e-01,1.272199999999999998e+00,-2.568000000000000060e+00,-5.319099999999999939e-01,2.781499999999999861e+00
-1.834800000000000042e-01,3.582399999999999807e+00,2.241000000000000103e+00,-5.432299999999999907e-01,1.928400000000000114e-01,-3.196100000000000052e-01,-3.058699999999999974e+00,4.452599999999999891e-01,4.252200000000000202e+00,1.424700000000000133e-01,5.372300000000000075e+00,5.891300000000000203e+00,1.710599999999999898e+00,2.432399999999999896e+00,5.917600000000000193e+00
-4.613200000000000078e-01,3.130700000000000038e+00,2.395300000000000207e+00,4.756299999999999972e-01,-2.154599999999999849e+00,-1.270499999999999963e+00,1.424700000000000077e+00,4.575000000000000178e-01,7.217000000000000082e-01,-3.415200000000000180e-02,3.300100000000000033e+00,3.729000000000000092e+00,1.298200000000000021e+00,1.842700000000000005e+00,2.129599999999999937e+00
-7.944499999999999895e-01,-1.106499999999999984e-01,-8.065999999999999837e-01,-4.263799999999999812e-01,-2.245699999999999807e+00,-1.181200000000000028e+00,3.542499999999999982e+00,3.009799999999999809e+00,1.076300000000000034e+00,-6.398599999999999843e-01,1.070000000000000062e+00,-2.884300000000000197e-01,2.766300000000000203e+00,1.997000000000000108e+00,-8.482100000000000195e-01
1.584599999999999898e-02,2.316500000000000004e+00,2.334600000000000009e+00,-1.288100000000000023e+00,-1.124600000000000079e-02,-1.024100000000000010e-01,-2.149399999999999977e+00,-1.313199999999999923e+00,1.322799999999999976e+00,4.878700000000000259e-01,-2.346100000000000130e-01,-1.210399999999999920e+00,1.912199999999999900e+00,-1.155899999999999928e+00,1.008599999999999941e+00
3.085500000000000131e+00,2.791799999999999837e+00,2.470899999999999874e+00,6.227099999999999996e-02,2.799500000000000099e+00,1.123499999999999943e+00,-3.776199999999999779e+00,4.112499999999999822e+00,9.315200000000000147e-01,1.103799999999999892e+00,-1.698199999999999932e+00,-4.077500000000000013e-01,1.329299999999999926e+00,-2.418299999999999894e-01,-2.142900000000000027e+00
5.212799999999999656e-01,-7.129600000000000382e-01,-7.946999999999999620e-01,-7.301499999999999657e-01,-2.140699999999999825e+00,4.920599999999999974e-01,-6.497699999999999587e-01,2.437899999999999956e+00,2.590100000000000069e+00,4.171999999999999709e+00,-2.777499999999999858e+00,-1.438399999999999901e+00,1.360999999999999988e+00,-2.469300000000000050e+00,1.478499999999999925e+00
-2.341800000000000104e+00,-4.782799999999999940e+00,-5.449799999999999756e+00,-9.418999999999999595e-01,-7.943999999999999950e-01,1.372300000000000075e+00,-1.316699999999999982e+00,-2.450499999999999901e+00,-5.209000000000000297e-01,3.098700000000000010e+00,-1.679899999999999949e+00,8.606800000000000006e-01,-3.436299999999999910e-01,-9.105699999999999905e-01,4.988900000000000001e-01
4.328599999999999781e+00,-2.185099999999999820e+00,4.054499999999999771e-01,4.153899999999999815e-01,3.491099999999999870e+00,4.613800000000000123e-01,1.082999999999999935e-01,4.032100000000000128e-01,-9.724899999999999656e-01,-3.794799999999999951e+00,5.528999999999999471e-01,4.680100000000000371e+00,1.379899999999999904e+00,4.593499999999999805e-01,1.192399999999999988e-01
2.936599999999999877e+00,7.768599999999999950e-01,-6.975799999999999779e-01,1.785299999999999943e-01,1.159200000000000008e+00,-8.118400000000000616e-02,8.086499999999999799e-01,1.371399999999999952e+00,1.243100000000000094e+00,-2.753399999999999737e-01,-2.747300000000000075e+00,3.049700000000000077e+00,-8.945400000000000018e-01,-1.635499999999999954e+00,-2.397400000000000198e+00
2.258700000000000152e+00,2.792200000000000237e-01,-2.069799999999999862e+00,3.379799999999999915e+00,1.938499999999999890e+00,3.081999999999999851e+00,2.114900000000000002e+00,1.860400000000000054e+00,7.780299999999999994e-01,2.148400000000000087e+00,-3.783799999999999664e-02,-2.137300000000000200e+00,-3.643299999999999983e+00,-2.877499999999999947e+00,1.287099999999999911e+00
3.474400000000000266e-01,-1.082899999999999974e+00,-1.296399999999999997e+00,3.315599999999999881e+00,-5.431700000000000417e-01,4.468799999999999883e+00,2.511800000000000033e+00,8.667600000000000193e+00,3.689499999999999780e+00,6.090700000000000003e+00,-1.129200000000000065e-01,-2.966899999999999871e+00,3.037699999999999845e-01,4.605299999999999949e-01,-3.624699999999999811e+00
1.738299999999999956e+00,-8.541700000000000681e-02,-1.122300000000000075e+00,-2.502299999999999969e+00,-4.247600000000000264e-01,-4.429499999999999993e+00,1.989100000000000090e+00,3.438200000000000145e+00,4.696799999999999642e+00,3.333800000000000097e+00,3.551600000000000090e+00,6.052699999999999747e-01,2.944900000000000073e+00,2.420100000000000140e+00,-1.692700000000000093e+00
-1.132600000000000051e+00,2.916100000000000136e+00,1.135399999999999965e+00,-3.991099999999999870e+00,-1.372200000000000086e-01,2.221100000000000158e-02,2.726900000000000102e+00,3.612699999999999800e+00,5.332399999999999807e+00,3.073500000000000121e+00,-7.782599999999999518e-01,-6.786200000000000010e-01,6.965700000000000225e-01,1.290200000000000014e+00,-2.477399999999999824e+00
-6.091700000000000337e+00,-8.542800000000000393e-01,-1.856400000000000050e+00,-1.657599999999999962e+00,-4.001199999999999868e+00,5.496100000000000207e+00,6.039100000000000357e+00,2.416300000000000114e+00,3.877600000000000158e+00,2.481100000000000083e+00,4.895499999999999852e-02,-1.532699999999999951e+00,-2.742599999999999927e+00,-2.669399999999999995e+00,-2.274700000000000166e+00
-5.055699999999999861e+00,-3.245800000000000018e+00,7.270799999999999486e-01,-1.692499999999999893e+00,-1.222800000000000109e+00,-1.826699999999999990e+00,-1.139599999999999946e+00,-2.910600000000000076e+00,-4.956500000000000128e+00,-3.741999999999999993e+00,-1.646199999999999886e-01,-5.747900000000000231e-01,-3.430400000000000116e+00,-4.114700000000000024e+00,-2.574300000000000033e+00
-1.171699999999999964e+00,-2.994800000000000129e+00,-1.462099999999999955e+00,-7.108299999999999619e-01,2.936199999999999921e+00,-9.376699999999999591e+00,3.329900000000000082e-01,-4.719299999999999606e+00,-4.462200000000000166e+00,-4.638300000000000090e+00,-3.561099999999999821e-01,1.596600000000000019e+00,-2.385699999999999932e+00,-1.478200000000000000e-02,-3.087099999999999955e+00
-7.167299999999999782e-01,-3.194700000000000095e+00,6.249500000000000055e-01,4.907199999999999562e+00,3.394800000000000040e+00,2.387599999999999945e+00,1.541299999999999892e+00,1.830800000000000049e-03,1.992899999999999949e-01,-1.690800000000000081e+00,1.741099999999999870e-01,3.634800000000000253e-01,-6.020400000000000196e-01,3.537100000000000133e+00,1.410600000000000076e+00
8.660200000000000120e-01,3.585800000000000098e-01,-1.382400000000000073e+00,1.692099999999999937e+00,9.472999999999999476e-02,-8.599200000000000177e-01,-1.121699999999999919e+00,-3.587400000000000144e+00,-1.471200000000000063e+00,-1.145899999999999919e+00,2.629600000000000271e-01,-1.288100000000000023e+00,-1.158500000000000085e+00,5.750700000000000145e+00,1.816599999999999993e+00
-2.101500000000000146e+00,-8.353500000000000369e-01,-9.722100000000000186e-01,1.406199999999999894e+00,6.921300000000000230e-01,-3.742300000000000182e+00,-2.566699999999999982e+00,-1.615299999999999958e+00,-1.817800000000000082e+00,3.099800000000000111e+00,1.018100000000000005e+00,5.278500000000000414e-01,8.655699999999999505e-01,1.899199999999999999e+00,8.958000000000000407e-01
3.376299999999999857e-01,-4.881900000000000128e-01,-3.373800000000000132e-01,-1.466900000000000093e+00,-3.263100000000000112e+00,-5.602300000000000058e-01,2.282099999999999795e+00,-6.969699999999999507e-02,-9.809400000000000341e-01,5.646799999999999597e-01,1.102300000000000058e+00,3.419099999999999806e+00,6.554600000000000426e-01,1.104200000000000070e+00,9.180700000000000527e-01
-7.039400000000000102e-01,5.811300000000000354e-01,8.926500000000000545e-01,-4.652000000000000135e+00,-4.381999999999999673e+00,1.190700000000000092e+00,1.911400000000000043e-01,-3.054600000000000204e+00,3.138599999999999723e-02,-3.124499999999999833e+00,6.860199999999999854e+00,3.973800000000000221e+00,4.502100000000000435e+00,-8.421499999999999542e-01,2.363699999999999968e-01
-1.369899999999999896e+00,-2.300000000000000100e-01,5.691099999999999604e+00,6.153100000000000236e-01,4.973099999999999743e-02,4.526600000000000068e-01,-2.016199999999999992e+00,5.800600000000000200e-01,-1.899199999999999847e-02,-3.374699999999999811e+00,-5.215000000000000191e-02,2.244200000000000195e+00,3.020799999999999930e+00,1.017400000000000082e+00,1.062799999999999967e+00
-1.764499999999999957e-01,-1.527800000000000047e+00,4.345699999999999896e+00,6.875200000000000200e-01,6.569099999999999939e-01,-1.861599999999999921e+00,-5.008099999999999774e-01,-8.736199999999999521e-01,-1.077599999999999891e+00,2.781800000000000050e+00,-2.684600000000000097e+00,6.725900000000000212e-01,2.583699999999999886e+00,2.362499999999999822e+00,4.869900000000000340e+00
-8.835899999999999865e-01,2.165900000000000158e+00,3.259900000000000020e+00,8.243200000000000527e-02,-6.717100000000000293e-01,4.975800000000000223e-01,-5.265100000000000335e+00,-3.608099999999999863e+00,-3.486400000000000166e+00,-3.537300000000000111e+00,-2.517399999999999860e+00,-3.816699999999999982e+00,1.955899999999999972e+00,1.368900000000000006e+00,3.312800000000000189e+00
4.755899999999999572e+00,2.705400000000000027e+00,-1.048899999999999944e+00,-1.976900000000000102e+00,-6.374600000000000266e-01,8.473999999999999588e-02,-5.459500000000000242e+00,-5.521499999999999631e+00,-9.630999999999999561e-01,-4.124299999999999855e+00,5.139299999999999979e-01,-3.575099999999999945e+00,-4.449799999999999756e+00,-3.398000000000000131e+00,-6.155700000000000394e+00
3.399700000000000166e+00,7.070800000000000196e+00,1.211100000000000065e+00,-8.670299999999999674e-01,3.680099999999999927e+00,3.047499999999999876e+00,-1.647099999999999953e-01,4.889499999999999957e-01,1.606200000000000072e+00,1.366900000000000004e+00,-3.057199999999999918e-01,-3.271399999999999864e-01,-2.977899999999999991e+00,-4.005200000000000315e+00,-3.977799999999999780e+00
3.844700000000000006e+00,3.116499999999999826e+00,3.357400000000000162e+00,-7.107299999999999729e-01,3.615599999999999925e-01,6.673799999999999955e+00,1.909000000000000030e+00,7.217000000000000082e-01,5.289699999999999847e+00,3.262500000000000178e+00,-8.521199999999999886e-01,-7.223399999999999821e-01,1.536200000000000010e+00,7.943900000000000405e-01,9.776700000000000390e-01
3.792899999999999938e+00,3.969100000000000072e+00,-3.325200000000000156e+00,-1.106600000000000028e+00,-1.727800000000000169e-02,1.845900000000000096e+00,-4.933600000000000207e-01,-7.225200000000000511e-01,7.852299999999999836e-01,9.202500000000000124e-01,7.281400000000000372e-02,-2.954099999999999948e+00,-1.338000000000000078e+00,-1.276399999999999979e+00,1.150400000000000089e+00
-1.463400000000000034e+00,-1.082000000000000073e+00,-2.372799999999999798e+00,8.110300000000000287e-01,-1.908199999999999896e+00,-4.063100000000000378e+00,-2.723899999999999988e+00,-1.157599999999999962e+00,-1.946600000000000108e+00,-2.029100000000000126e+00,5.415600000000000414e+00,-2.674100000000000144e+00,-1.495999999999999996e+00,-3.457800000000000207e+00,-1.891599999999999948e-01
-4.300600000000000200e+00,4.325499999999999901e+00,-3.183600000000000207e+00,-1.387499999999999956e+00,-1.580400000000000027e+00,-1.887000000000000011e+00,-1.165000000000000036e+00,-2.517099999999999893e-01,-2.457199999999999829e+00,-2.146599999999999842e+00,2.876900000000000013e+00,6.196800000000000086e-01,-1.082500000000000018e+00,3.554999999999999827e-01,1.456199999999999939e+00
-3.035200000000000120e+00,3.833099999999999952e+00,-1.842899999999999983e+00,-1.454599999999999893e+00,1.012999999999999901e+00,-2.437699999999999978e+00,-6.221900000000000208e-01,-2.016900000000000137e+00,-1.923999999999999932e+00,9.320300000000000251e-01,3.501700000000000035e+00,7.033399999999999652e-01,-1.370200000000000085e+00,-1.787900000000000045e+00,3.372100000000000097e+00
1.000699999999999923e+00,4.787199999999999789e-01,-2.211599999999999788e+00,4.169200000000000017e+00,3.221399999999999819e-01,7.349999999999999867e-01,-3.235199999999999743e-01,-1.787099999999999911e+00,-1.542999999999999927e+00,-1.694800000000000084e+00,-7.443199999999999816e-01,-7.313399999999999901e-01,-3.250199999999999978e+00,3.218699999999999894e-01,-7.347399999999999487e-01
1.330400000000000027e+00,-3.455099999999999838e+00,-2.467099999999999849e+00,1.271900000000000031e+00,4.617600000000000371e+00,2.155899999999999928e+00,3.301299999999999790e-01,1.026499999999999968e+00,-8.050399999999999778e-01,2.339599999999999902e+00,-7.842900000000000427e-01,2.179399999999999948e-01,-2.541199999999999903e+00,-1.671799999999999953e+00,-1.320600000000000107e-01
-5.655900000000000372e-01,-3.221699999999999786e+00,-3.524500000000000188e+00,-1.288300000000000001e+00,1.660900000000000043e+00,5.093899999999999650e+00,1.955000000000000071e+00,2.630500000000000060e+00,-1.916400000000000103e+00,1.058599999999999985e+00,-2.290500000000000203e+00,-1.463600000000000012e+00,8.801499999999999879e-01,-1.555199999999999916e+00,5.039099999999999691e-01
-1.646600000000000064e+00,-3.706100000000000172e+00,1.866100000000000092e+00,5.757900000000000240e-01,-2.835300000000000153e+00,-1.213500000000000023e+00,6.002399999999999958e-01,2.183499999999999996e+00,-9.010200000000000431e-01,-3.612899999999999778e+00,-6.407500000000000417e-01,-3.862399999999999861e-02,2.075000000000000178e+00,1.360600000000000032e+00,-7.154300000000000104e-01
-1.680900000000000061e+00,-1.891199999999999992e+00,-2.257800000000000029e+00,-2.026899999999999924e+00,-3.952700000000000102e+00,-6.699600000000000222e+00,-1.603499999999999925e+00,-2.779999999999999805e+00,-2.308899999999999952e+00,-4.084999999999999964e+00,-1.522999999999999909e-01,-7.634300000000000530e-01,-2.522800000000000042e-01,6.655899999999999317e-02,-1.901499999999999968e+00
-5.265600000000000280e-01,-1.287300000000000111e+00,7.831799999999999873e-01,-6.456299999999999539e-02,-1.160099999999999909e+00,1.128200000000000092e+00,-1.872999999999999998e+00,-2.049999999999999822e+00,-1.185000000000000053e+00,-1.516599999999999948e+00,-1.639499999999999957e+00,1.734700000000000131e-01,-9.639600000000000390e-01,7.582200000000000051e-01,6.822599999999999776e-01
2.427099999999999813e+00,-1.253600000000000048e+00,7.575899999999999856e-01,1.109299999999999953e+00,1.753700000000000037e+00,7.809500000000000330e-01,-4.548699999999999966e-01,6.875700000000000145e-01,6.006799999999999917e-01,-1.679200000000000026e+00,-6.133600000000000385e+00,-1.008699999999999930e+00,1.438800000000000079e+00,2.035399999999999987e-01,-3.833599999999999786e-01
4.314300000000000246e+00,1.619299999999999962e+00,-1.204399999999999915e+00,-7.634799999999999920e-02,-1.873399999999999954e+00,-2.185999999999999943e+00,1.649899999999999922e+00,2.378300000000000136e-01,-2.729400000000000159e-01,-1.227600000000000025e+00,-5.165499999999999758e+00,-1.266899999999999915e+00,1.770199999999999996e+00,4.163100000000000134e-01,-4.287600000000000300e+00
4.658199999999999896e+00,2.935299999999999798e+00,-1.011200000000000099e+00,6.669000000000000483e-01,-9.280899999999999705e-01,-1.304300000000000015e+00,9.110700000000000465e-01,-7.316000000000000281e-01,-1.475600000000000023e+00,8.055200000000000138e-01,-8.983999999999999764e-01,-2.064000000000000057e+00,-1.380800000000000027e+00,3.207200000000000051e-01,-1.758799999999999919e+00
2.111899999999999888e+00,5.069799999999999862e+00,3.788000000000000256e-01,-7.393699999999999717e-01,-2.331199999999999939e-01,2.050499999999999989e+00,-1.470700000000000063e-01,-5.966300000000000076e-02,1.191899999999999959e+00,2.356199999999999961e-01,-6.040999999999999703e-01,1.426800000000000068e+00,-1.822799999999999976e+00,1.841599999999999904e+00,-3.338599999999999901e-01
2.970599999999999907e-01,5.415999999999999703e-01,-1.015500000000000069e+00,3.044299999999999784e-01,-1.434700000000000086e+00,8.469799999999999551e-02,4.949200000000000266e+00,3.930800000000000072e+00,2.402200000000000113e+00,1.888900000000000023e+00,-3.066699999999999982e+00,1.872400000000000064e+00,-5.486799999999999455e-01,-1.819900000000000129e-01,-1.963000000000000078e+00
-4.122499999999999609e+00,-5.504599999999999937e+00,-2.674999999999999822e+00,3.058199999999999807e+00,-1.669399999999999995e+00,1.000799999999999912e+00,4.122799999999999798e+00,1.564300000000000024e+00,1.573199999999999932e+00,1.354300000000000059e+00,-2.477500000000000036e+00,1.104300000000000059e+00,-4.650900000000000034e-01,5.083299999999999798e-03,4.391000000000000014e+00
-2.859100000000000197e+00,-4.970699999999999896e+00,-2.396500000000000075e+00,1.173100000000000032e+00,-1.431999999999999940e+00,1.621299999999999963e-01,-1.812999999999999945e+00,-1.223700000000000010e+00,-2.770599999999999952e+00,7.135899999999999466e-01,-2.283999999999999808e+00,3.664000000000000035e-01,-1.725300000000000056e+00,4.196799999999999975e-01,1.001800000000000024e+00
-2.431400000000000006e+00,-2.189499999999999780e+00,3.454599999999999893e-01,1.665699999999999958e+00,-5.665299999999999780e-01,2.900700000000000056e+00,4.959999999999999964e-01,5.165499999999999758e+00,4.347900000000000098e+00,2.286900000000000155e+00,-3.149599999999999955e+00,1.929999999999999938e+00,6.373600000000000376e-01,1.119399999999999951e+00,3.990899999999999892e+00
-5.319300000000000139e-01,-3.164000000000000146e-01,5.081900000000000084e+00,2.309000000000000163e+00,2.041500000000000092e+00,6.179000000000000270e+00,2.187399999999999789e+00,3.545100000000000140e+00,2.081300000000000150e+00,3.459900000000000198e+00,1.960399999999999920e+00,9.121200000000000419e-01,4.459299999999999820e+00,2.917100000000000026e+00,1.591299999999999937e+00
-1.470099999999999962e+00,-7.832799999999999763e-01,3.518100000000000005e+00,3.347599999999999909e+00,2.285099999999999909e+00,3.258700000000000152e+00,1.172400000000000109e+00,-5.269000000000000350e-01,2.990000000000000213e+00,2.881499999999999950e+00,3.219100000000000072e+00,2.806200000000000028e+00,4.930600000000000094e+00,1.043800000000000061e+00,5.259599999999999831e-01
3.209099999999999731e-01,2.568799999999999972e+00,-1.344999999999999973e+00,-1.642300000000000093e+00,-2.630999999999999783e+00,-4.970799999999999663e+00,4.174599999999999977e-01,2.748099999999999987e+00,2.682799999999999851e+00,-4.716600000000000237e-01,3.665399999999999991e+00,1.441400000000000015e+00,1.928299999999999903e+00,-2.457799999999999985e-01,1.018499999999999961e+00
1.764199999999999990e+00,3.107400000000000093e-02,-1.226200000000000068e-01,-3.041399999999999881e+00,-1.509500000000000064e+00,-2.363799999999999901e+00,-7.152399999999999869e-01,-2.019000000000000128e+00,-3.941100000000000048e+00,-2.566899999999999959e+00,-4.526200000000000223e+00,-5.963399999999999812e-01,-6.846900000000000208e-01,-7.960500000000000353e-01,-4.316099999999999604e+00
2.784499999999999753e-01,-2.002500000000000113e-01,-1.676700000000000079e+00,-3.602300000000000058e+00,-1.088700000000000001e+00,-1.892399999999999916e-01,-2.062399999999999789e+00,-3.746100000000000207e+00,-2.884300000000000086e+00,-1.162800000000000056e+00,-2.729999999999999982e+00,-1.807700000000000085e+00,-2.823700000000000099e+00,-1.583800000000000097e+00,-2.573900000000000077e+00
-1.190299999999999914e+00,-1.148400000000000087e+00,8.594500000000000473e-01,-1.764100000000000001e+00,-1.416800000000000059e+00,-2.417800000000000171e+00,2.291300000000000114e+00,-7.550700000000000189e-01,2.474800000000000111e+00,-6.721300000000000052e-01,5.514900000000000357e-01,-9.551399999999999890e-01,-1.171399999999999997e+00,1.390600000000000058e+00,4.791900000000000048e-01
-2.017199999999999882e+00,-6.664499999999999869e-01,-5.319300000000000139e-01,1.388300000000000090e+00,3.791500000000000092e+00,1.447100000000000053e+00,3.833200000000000163e+00,5.069399999999999906e+00,4.711500000000000021e+00,1.583700000000000108e+00,1.218099999999999961e+00,-6.867800000000000293e-02,1.280699999999999950e+00,6.204699999999999660e-01,1.866400000000000059e+00
4.655799999999999939e-01,2.085100000000000009e-01,5.302000000000000046e-01,-2.705600000000000005e+00,2.271399999999999864e+00,1.139299999999999979e+00,3.208299999999999930e+00,6.720000000000000417e-01,-1.683100000000000041e+00,-1.002799999999999914e+00,2.557499999999999774e-01,-1.225200000000000039e-01,-1.129699999999999975e-03,4.781400000000000095e-01,-1.642300000000000093e+00
-1.509000000000000064e-01,4.555899999999999950e-01,1.720800000000000107e-01,2.839599999999999902e+00,2.948999999999999844e+00,-1.244699999999999918e+00,-2.261699999999999822e+00,-6.659399999999999764e-01,-2.080700000000000216e+00,1.612000000000000099e-01,6.584699999999999998e-01,7.761299999999999866e-01,1.100000000000000089e+00,2.495600000000000041e+00,-5.200900000000000523e-01
1.030799999999999939e+00,3.138700000000000045e+00,1.059399999999999897e+00,6.150199999999999889e+00,5.599599999999999689e+00,-1.550100000000000033e+00,-2.860399999999999832e+00,-1.440199999999999925e+00,-1.712900000000000089e+00,-2.445400000000000074e-01,-2.464600000000000124e-01,5.627900000000000125e-01,8.388600000000000501e-01,-5.814399999999999569e-01,2.606100000000000083e-01
-1.068100000000000049e+00,-1.252999999999999892e+00,8.169699999999999740e-01,9.444099999999999717e-01,-1.339599999999999957e-01,-5.295299999999999452e-01,-3.619699999999999918e+00,-4.009900000000000020e+00,-2.340899999999999981e+00,2.733299999999999841e+00,4.248999999999999999e-01,1.036100000000000021e+00,9.258399999999999963e-01,-4.475699999999999817e-02,-2.471900000000000208e+00
2.144000000000000128e+00,-1.899799999999999933e+00,3.246399999999999841e-01,-6.148699999999999832e+00,-3.604699999999999793e+00,-8.496799999999999908e-01,-1.838700000000000001e+00,-1.707000000000000073e+00,3.650800000000000156e-01,2.299999999999999822e+00,1.717899999999999983e+00,4.053499999999999881e-01,-1.989800000000000013e+00,4.792199999999999793e-01,-1.284599999999999964e+00
-2.048399999999999874e-02,-2.963000000000000078e-01,5.151099999999999568e+00,-9.794599999999999973e-01,1.658300000000000052e-01,3.033399999999999985e-01,-1.296999999999999931e+00,1.174700000000000077e+00,4.243100000000000344e-02,-2.210600000000000065e-01,3.136099999999999888e+00,3.454299999999999926e+00,5.415899999999999714e+00,2.168400000000000105e+00,2.798299999999999788e+00
6.166299999999999670e+00,4.711899999999999977e-01,6.551099999999999701e-01,-7.347000000000000197e-01,2.544900000000000162e+00,1.350999999999999979e+00,6.984500000000000153e-01,-3.948999999999999733e-01,2.086100000000000065e+00,-3.546400000000000108e-01,-1.974499999999999866e-01,1.853100000000000025e-01,2.181000000000000050e+00,1.272100000000000009e+00,2.357800000000000173e-02
4.711500000000000021e+00,4.303899999999999615e+00,1.408400000000000096e+00,-1.938700000000000090e+00,4.873100000000000209e-01,6.517600000000000060e-01,-8.112700000000000466e-02,4.344799999999999773e-01,7.912500000000000089e-01,-8.193100000000000382e-02,4.840200000000000058e-01,-1.794300000000000006e+00,1.794000000000000039e+00,4.459699999999999775e-01,1.363699999999999912e+00
2.368100000000000094e+00,1.392200000000000104e+00,-2.243900000000000061e-01,-2.275700000000000056e+00,-9.889599999999999502e-01,4.341099999999999959e-01,1.308600000000000041e-01,3.836300000000000043e+00,1.502199999999999980e+00,4.593800000000000106e-01,1.883299999999999974e+00,2.078899999999999970e+00,3.684099999999999930e+00,1.737200000000000077e+00,3.128200000000000092e+00
2.436999999999999833e+00,2.017999999999999794e+00,-2.131699999999999928e+00,-2.117100000000000204e+00,-1.949599999999999944e-01,2.764600000000000168e+00,3.831199999999999939e+00,5.002600000000000158e+00,3.926699999999999857e+00,4.094299999999999606e+00,8.598999999999999977e-01,3.347199999999999953e+00,3.263799999999999812e+00,5.509399999999999853e-01,1.816899999999999959e+00
-1.300699999999999967e+00,5.229800000000000004e-01,3.809600000000000208e-01,1.511100000000000110e+00,9.057899999999999840e-01,-3.401299999999999879e-01,2.952199999999999935e+00,2.221299999999999830e+00,2.527000000000000135e+00,2.022299999999999986e+00,1.677400000000000002e+00,-7.319600000000000550e-01,1.758499999999999952e+00,1.196399999999999908e+00,-2.893599999999999992e-02
-4.647100000000000009e+00,-2.503000000000000114e+00,4.708899999999999864e+00,6.150699999999999612e+00,1.132600000000000051e+00,-4.286299999999999777e+00,-7.668800000000000061e-01,-4.533599999999999852e+00,-3.437899999999999956e+00,-3.191500000000000004e+00,-1.143200000000000049e-01,-2.431500000000000217e+00,-6.434800000000000519e-01,-2.328199999999999825e+00,1.038000000000000034e+00
-1.798200000000000021e+00,-2.785800000000000054e+00,3.691600000000000215e+00,1.485700000000000021e+00,-1.615299999999999958e+00,-4.869899999999999785e-01,-3.043499999999999872e+00,1.233699999999999936e-01,-2.666799999999999837e+00,-3.148800000000000043e+00,5.374700000000000033e-01,-6.057700000000000307e-01,-1.123699999999999921e+00,1.345599999999999907e+00,2.787799999999999834e+00
-1.185999999999999943e+00,3.285299999999999887e+00,1.407599999999999962e+00,1.179200000000000026e+00,-1.959500000000000020e+00,3.909899999999999931e+00,3.200499999999999901e+00,3.155699999999999950e+00,1.014000000000000012e+00,1.683300000000000018e+00,-2.358999999999999986e-03,1.295199999999999907e+00,3.782099999999999906e-01,1.965999999999999970e+00,3.490299999999999958e+00
-2.462000000000000188e+00,1.368300000000000072e+00,-3.540099999999999802e+00,-4.662499999999999978e-01,-1.672400000000000109e+00,3.068000000000000060e+00,1.251400000000000068e+00,-3.397899999999999920e+00,-2.420399999999999885e+00,6.166300000000000114e-01,1.838400000000000034e+00,-1.674500000000000099e+00,-2.460100000000000176e+00,-2.742300000000000182e+00,-3.864399999999999835e+00
7.338599999999999568e-01,-1.522599999999999953e+00,-6.012699999999999712e+00,-1.921799999999999953e+00,-2.091800000000000104e+00,-7.656500000000000528e-01,-2.169700000000000184e+00,-6.142999999999999794e+00,-3.027699999999999836e+00,-1.110999999999999988e+00,3.770399999999999863e-01,-1.270100000000000007e+00,-4.930799999999999628e+00,-3.978499999999999925e+00,-2.681200000000000028e+00
1.624800000000000133e-01,-9.008699999999999486e-01,-1.666799999999999948e-01,-3.850800000000000001e+00,-2.992700000000000138e+00,-4.714100000000000179e+00,-5.192299999999999693e-01,-3.360500000000000154e-01,-1.534399999999999986e+00,-4.962099999999999844e-01,1.345800000000000107e+00,-2.258300000000000196e+00,-4.966400000000000148e+00,-2.856799999999999784e+00,-1.011900000000000022e+00
-3.679800000000000182e+00,-1.737200000000000077e+00,-1.795200000000000129e-01,3.315899999999999959e-01,2.805400000000000116e+00,1.143000000000000016e+00,4.205700000000000216e+00,2.615000000000000213e+00,2.598700000000000010e+00,1.260899999999999910e+00,4.847699999999999676e+00,7.054799999999999960e-01,-1.296699999999999964e+00,-2.474899999999999878e+00,1.833299999999999930e+00
-1.086899999999999977e+00,1.657200000000000006e+00,-1.971100000000000074e+00,2.821800000000000086e+00,4.266300000000000203e+00,3.451999999999999957e+00,3.797899999999999832e+00,4.341899999999999871e+00,-6.492600000000000281e-03,4.101300000000000168e+00,2.427900000000000169e+00,-3.795399999999999885e-01,-6.348500000000000254e-01,-8.108600000000000252e-01,2.290000000000000091e-01
2.188800000000000079e+00,3.976399999999999935e+00,1.018799999999999928e+00,4.244600000000000151e+00,3.325000000000000178e+00,4.400100000000000122e+00,-9.924100000000000144e-01,-7.802200000000000246e-01,-2.138999999999999790e+00,3.137199999999999989e+00,-2.360899999999999999e+00,2.559199999999999808e-01,-1.920500000000000096e+00,-2.801200000000000134e+00,-2.092400000000000093e-01
-4.105599999999999805e-01,-1.740399999999999947e+00,-1.943599999999999994e+00,1.898300000000000098e+00,1.774699999999999944e+00,-2.596300000000000274e-01,2.273999999999999910e-01,-3.250399999999999956e+00,1.869299999999999962e+00,2.388299999999999867e-01,-2.253299999999999859e+00,1.835399999999999920e+00,-1.929899999999999949e+00,-8.426700000000000301e-01,-1.079099999999999948e+00
-8.050500000000000433e-01,-1.911100000000000021e+00,-5.480099999999999971e-01,-4.085099999999999842e-01,-5.913699999999999513e-01,-7.319300000000000139e+00,-2.877499999999999947e+00,-7.053399999999999670e-01,4.170200000000000351e+00,-2.312300000000000022e+00,-5.999299999999999633e-01,6.984000000000000208e-01,-3.659800000000000164e+00,-2.473599999999999799e+00,8.782499999999999751e-01
5.288899999999999713e-01,-1.846899999999999986e+00,-8.457500000000000018e-01,-4.043800000000000061e+00,-4.635299999999999976e+00,-3.072400000000000020e+00,-3.625999999999999890e+00,-4.389000000000000234e+00,-3.047000000000000153e+00,-3.939700000000000202e+00,2.262099999999999944e-01,-3.638199999999999878e+00,-2.999299999999999855e+00,-1.975899999999999990e+00,-2.250700000000000145e+00
-1.821700000000000097e+00,-1.240899999999999892e+00,4.082000000000000073e-01,-5.376999999999999780e+00,-1.764699999999999935e+00,8.504500000000000393e-01,-2.152899999999999814e+00,-2.765499999999999847e+00,-4.966999999999999638e+00,-4.545300000000000118e+00,2.366699999999999915e-01,-2.346799999999999997e+00,-1.474499999999999922e+00,-1.755200000000000093e+00,2.210699999999999887e-01
-2.025700000000000056e+00,-1.181100000000000066e-01,-8.664100000000000135e-01,-2.221400000000000041e+00,1.894200000000000106e+00,6.638399999999999856e-02,-2.690500000000000114e-01,-1.259400000000000075e+00,3.046499999999999986e+00,-1.751900000000000124e-01,-2.371699999999999919e-01,-4.091400000000000037e-01,-1.967400000000000038e+00,-3.019000000000000128e+00,4.259500000000000064e+00
-4.039699999999999958e-01,2.099299999999999944e+00,-5.977999999999999980e-01,-2.123800000000000132e+00,-2.394800000000000040e+00,4.811099999999999710e+00,1.571099999999999997e-01,-1.137999999999999901e+00,1.034500000000000003e-01,4.654400000000000204e-01,5.668800000000000505e-01,-1.134600000000000053e+00,-2.920499999999999763e-01,7.786899999999999933e-01,3.572900000000000187e+00
-2.805799999999999961e-01,3.703500000000000014e+00,2.470000000000000195e+00,1.717799999999999994e+00,-2.015000000000000124e+00,3.809000000000000163e+00,1.664900000000000047e+00,6.184300000000000352e+00,1.978299999999999947e+00,1.157299999999999995e+00,5.854099999999999859e-01,-1.363099999999999867e-01,2.217099999999999849e+00,1.160099999999999909e+00,-2.697800000000000198e-01
-7.495300000000000296e-01,9.467900000000000205e-01,-8.405599999999999739e-01,3.466499999999999915e+00,7.537500000000000311e-01,-2.905199999999999783e+00,2.018300000000000094e-01,4.787300000000000111e+00,1.260299999999999976e+00,-5.016500000000000403e-01,-7.322300000000000475e-01,4.312500000000000222e-01,3.633100000000000218e+00,3.030600000000000183e+00,2.089100000000000179e+00
-6.011699999999999822e-01,-3.554899999999999949e+00,-2.136899999999999800e+00,1.923699999999999966e+00,-9.609499999999999709e-01,-5.689199999999999591e+00,-4.181499999999999773e+00,-6.565900000000000070e+00,5.118599999999999817e-01,-3.304499999999999993e+00,1.484699999999999909e+00,4.469599999999999795e+00,3.379300000000000193e+00,2.549199999999999910e+00,2.386000000000000121e+00
4.927500000000000213e+00,-1.551900000000000057e+00,5.406200000000000117e+00,3.617900000000000116e+00,7.971999999999999920e-03,3.766999999999999904e+00,1.471800000000000053e-01,1.233700000000000019e+00,1.489600000000000035e+00,2.647499999999999964e+00,-6.114899999999999780e-01,-1.984299999999999953e+00,4.686899999999999622e+00,2.162599999999999856e+00,-2.682799999999999851e+00
-1.774399999999999866e-01,-3.058800000000000185e+00,4.171500000000000208e-02,1.387599999999999945e+00,-7.161100000000000243e-01,4.528400000000000425e+00,9.500499999999999501e-01,4.606600000000000250e+00,3.265899999999999803e+00,1.934600000000000097e+00,2.342200000000000060e+00,-1.623300000000000021e-01,3.266900000000000137e+00,3.205900000000000194e+00,-7.247299999999999853e-01
-3.507600000000000051e+00,-6.203100000000000280e-01,-2.220000000000000195e+00,-4.475600000000000023e+00,-5.474999999999999645e+00,1.923499999999999988e+00,1.514299999999999979e+00,-3.394899999999999807e+00,-6.949799999999999756e+00,-3.486099999999999755e-01,1.573399999999999910e+00,5.412799999999999834e+00,2.600399999999999934e-01,1.562699999999999978e+00,9.322399999999999576e-01
-8.755500000000000504e-01,-5.564299999999999802e-01,-2.382099999999999884e+00,-2.983999999999999986e+00,-1.083700000000000108e+00,3.132499999999999729e-01,1.627999999999999892e+00,7.210299999999999487e-01,-3.207300000000000040e+00,2.004999999999999893e+00,3.153900000000000148e+00,3.408199999999999896e+00,1.835199999999999942e+00,4.390500000000000291e+00,2.114300000000000068e+00
4.608799999999999564e+00,1.060699999999999976e+00,7.554600000000000204e-01,-2.535099999999999909e+00,2.330000000000000071e+00,-2.491800000000000126e-01,2.146199999999999886e+00,2.447599999999999998e+00,2.433399999999999785e+00,5.930400000000000116e-01,-9.455500000000000016e-01,-4.187500000000000250e-03,2.350499999999999812e+00,3.663899999999999935e+00,7.995299999999999629e-01
-8.545700000000000518e-01,3.569899999999999740e-01,1.956299999999999928e+00,-1.008899999999999908e+00,1.549800000000000066e+00,-5.445299999999999585e+00,3.925799999999999845e-01,7.507899999999999574e-01,-1.193899999999999961e+00,-3.013599999999999834e+00,-2.920399999999999885e+00,-2.272299999999999986e+00,1.164500000000000091e+00,2.058200000000000029e-01,-2.588799999999999990e+00
-2.833299999999999930e+00,-1.538399999999999990e+00,2.675100000000000033e+00,-1.639299999999999924e-01,-1.004299999999999971e+00,9.632499999999999396e-02,6.666999999999999593e-01,-7.797100000000000142e-01,-2.502299999999999969e+00,-2.104900000000000215e+00,-3.045700000000000074e+00,-2.357200000000000184e+00,3.385299999999999976e-01,-2.033500000000000085e+00,-3.929100000000000037e+00
6.096400000000000041e+00,-2.582599999999999896e-01,-1.934899999999999953e-01,2.877099999999999991e+00,3.391900000000000137e+00,1.101299999999999946e+00,-3.573599999999999888e+00,-9.449800000000000422e-01,-1.203500000000000014e+00,-2.390099999999999891e+00,-2.095400000000000151e+00,-2.998800000000000132e+00,-1.040999999999999981e-01,-2.002299999999999969e+00,-4.393600000000000172e+00
6.505900000000000016e-01,-9.690600000000000602e-02,8.782600000000000406e-01,3.810000000000000053e+00,2.169599999999999973e+00,-8.315799999999999415e+00,-7.246299999999999741e+00,-6.308500000000000441e+00,-2.492900000000000116e+00,-1.609699999999999909e+00,-2.415500000000000203e+00,1.362500000000000100e-01,-3.398000000000000131e+00,-1.207699999999999996e+00,-2.823199999999999932e+00
-1.241600000000000037e+00,2.476100000000000190e+00,-1.667799999999999949e+00,1.256499999999999950e+00,3.094399999999999817e+00,-4.586899999999999977e+00,-4.512100000000000222e+00,2.245499999999999829e+00,9.174600000000000533e-01,-2.673099999999999810e+00,8.264299999999999979e-01,2.012999999999999901e+00,-4.175399999999999778e+00,-1.376300000000000079e+00,-1.932800000000000074e+00
-2.157200000000000006e+00,-3.321699999999999875e+00,-2.154000000000000081e-01,-3.303900000000000170e-01,1.763199999999999924e-03,3.471199999999999841e-01,-2.679399999999999782e+00,1.259500000000000064e+00,5.711300000000000265e-01,-1.001200000000000090e+00,-1.090899999999999981e+00,-9.836300000000000043e-01,-4.046700000000000408e+00,-4.068399999999999572e+00,-1.984900000000000109e+00
-1.694800000000000084e+00,9.659600000000000825e-03,2.107999999999999874e-01,-2.234399999999999942e+00,8.747899999999999565e-01,-1.275199999999999889e+00,-7.428500000000000381e-02,-2.785000000000000142e+00,-2.013000000000000067e-01,-4.666699999999999737e-01,-4.612399999999999833e-01,-2.818900000000000183e+00,-2.326999999999999957e+00,-2.886299999999999866e+00,-2.196400000000000130e+00
