-2.104800000000000004e+00,-2.548000000000000043e+00,2.874099999999999988e-01,-1.370099999999999929e-01,-4.174000000000000377e+00,-6.284199999999999786e-01,-2.652200000000000113e+00,-2.049100000000000144e+00,-1.898700000000000054e+00,-1.438700000000000090e+00,-1.829399999999999915e-01,-1.459400000000000031e+00,-1.465799999999999992e+00,-2.791900000000000048e+00,-1.945500000000000007e+00
4.136099999999999888e+00,3.692699999999999871e-01,4.831199999999999939e-01,-1.725899999999999990e+00,1.862000000000000099e+00,-1.055800000000000072e+00,-3.292899999999999994e-02,1.565600000000000103e+00,-9.905699999999999505e-01,-1.049099999999999921e+00,7.071399999999999908e-01,9.358300000000000507e-01,-4.441899999999999737e-01,1.147299999999999986e-01,2.100900000000000212e+00
1.531400000000000095e+00,3.537799999999999834e+00,1.450499999999999901e+00,-8.614800000000000235e-02,2.937399999999999789e+00,-3.032500000000000195e+00,-1.979700000000000015e+00,1.014000000000000012e+00,1.879499999999999948e+00,2.445100000000000051e+00,1.649399999999999977e+00,2.580499999999999794e+00,1.337199999999999944e+00,6.367699999999999472e-01,2.470800000000000107e+00
-3.117199999999999971e+00,2.458499999999999908e+00,1.087700000000000038e-03,1.036100000000000021e+00,-1.481400000000000050e+00,8.608200000000000296e-01,2.217999999999999833e-02,3.274999999999999911e+00,2.316100000000000048e+00,3.688099999999999934e+00,1.615399999999999947e+00,1.542599999999999971e+00,2.892599999999999838e+00,-3.666500000000000314e-02,8.669099999999999584e-01
-2.919099999999999806e+00,3.756299999999999972e+00,-5.719999999999999529e-01,-8.391899999999999915e-01,-4.397099999999999898e-01,1.096200000000000063e+00,1.136200000000000099e+00,-8.412100000000000133e-01,1.316199999999999870e-01,-2.057799999999999851e+00,-1.482099999999999973e+00,-1.912099999999999911e+00,3.112999999999999989e+00,4.209999999999999964e+00,1.010899999999999910e+00
-6.086700000000000443e-01,-3.644699999999999829e+00,-2.605599999999999916e+00,-1.373599999999999932e+00,-2.601199999999999957e+00,-2.277000000000000135e-01,-2.528299999999999992e-01,-3.562500000000000000e+00,-2.203800000000000203e+00,-3.446400000000000130e+00,1.252399999999999958e+00,1.779199999999999893e+00,-5.695000000000000062e-01,2.219399999999999817e+00,-1.482999999999999874e-01
5.839600000000000346e-01,-4.705700000000000216e+00,-1.910400000000000098e+00,-5.464400000000000368e-01,-9.103400000000000380e-01,2.056400000000000006e+00,1.497000000000000108e+00,-2.384500000000000064e+00,-2.090399999999999814e+00,-1.471700000000000008e+00,1.543700000000000072e+00,-5.741899999999999782e-01,-4.824200000000000266e+00,4.679599999999999871e-01,-1.885000000000000009e+00
-3.808500000000000080e-02,-2.027000000000000135e+00,-1.288999999999999924e+00,-1.164800000000000058e+00,-1.385999999999999899e+00,1.030399999999999983e+00,3.333999999999999742e-01,2.341899999999999871e+00,1.922800000000000065e-01,2.407099999999999795e+00,-2.913400000000000212e+00,-4.117099999999999760e+00,-2.956399999999999917e+00,-5.430799999999999628e+00,-4.583199999999999719e+00
2.860799999999999788e+00,-9.785099999999999909e-01,-3.571799999999999975e-01,-5.668900000000000050e-01,-2.155199999999999894e-01,-2.158299999999999941e-01,-1.696900000000000075e+00,2.261200000000000099e+00,3.454499999999999904e+00,-1.157000000000000028e+00,-3.067099999999999937e+00,-2.346200000000000063e+00,-1.054400000000000059e-01,4.806300000000000017e-01,-1.760499999999999954e+00
-1.205800000000000066e-01,4.163599999999999746e+00,9.062000000000000610e-02,9.334500000000000020e-01,4.766099999999999781e+00,8.083799999999999319e-02,3.753800000000000026e+00,7.463800000000000434e-01,-5.199799999999999978e-01,-3.703600000000000225e-01,-2.569900000000000073e+00,-3.112900000000000042e-02,1.575800000000000090e+00,2.257699999999999818e+00,-1.104799999999999949e-01
1.761300000000000088e+00,2.698900000000000077e+00,1.037900000000000045e+00,6.216099999999999959e+00,3.994000000000000217e+00,4.713899999999999757e+00,2.904100000000000126e+00,3.081900000000000195e-01,4.388000000000000234e-02,5.077199999999999491e-01,-5.689499999999999558e-01,-1.307199999999999918e+00,3.316800000000000193e+00,1.877999999999999892e+00,5.222599999999999465e-01
4.102599999999999802e+00,-1.041700000000000070e+00,7.373100000000000209e-01,-3.334400000000000142e-01,1.375699999999999923e+00,-4.238500000000000045e-01,1.420400000000000107e+00,-9.482199999999999518e-01,5.311599999999999655e-01,3.891700000000000159e-01,-8.410300000000000553e-01,1.285099999999999909e+00,-2.917400000000000215e+00,-2.053100000000000147e+00,-2.704800000000000093e+00
3.398200000000000109e+00,7.138900000000000245e-01,-2.592400000000000260e-01,-3.371399999999999952e+00,-8.788400000000000378e-02,-1.192199999999999926e+00,-1.454099999999999948e+00,-1.973400000000000043e+00,-1.776000000000000023e+00,-2.343199999999999950e+00,-4.429099999999999704e-02,-1.510299999999999976e+00,-4.178200000000000358e+00,-6.318399999999999572e+00,-1.846799999999999997e+00
-1.644200000000000106e+00,-1.500199999999999978e+00,-1.386699999999999877e-01,-7.233100000000000085e-01,-1.073600000000000110e+00,2.646100000000000119e+00,3.019499999999999851e+00,-2.167699999999999960e+00,-3.266900000000000137e+00,7.900899999999999590e-01,-2.274700000000000055e-01,2.398400000000000087e+00,-5.615900000000000336e-01,-3.312299999999999967e-02,1.541900000000000048e+00
-5.690500000000000114e+00,-5.313500000000000334e+00,-1.282399999999999984e+00,7.474699999999999678e-01,-2.116200000000000081e+00,4.241500000000000270e+00,9.273099999999999676e-01,6.026000000000000245e-01,-4.080799999999999983e-01,3.610899999999999999e+00,2.731600000000000139e-01,1.608300000000000063e+00,-8.857099999999999973e-01,-7.137200000000000211e-01,-1.299299999999999899e+00
1.427699999999999969e+00,-8.665000000000000480e-01,-5.077299999999999869e-02,2.257099999999999884e+00,-3.776599999999999957e-01,-5.891600000000000170e-01,-3.536000000000000254e-01,-1.762999999999999901e+00,-1.977400000000000047e+00,4.555500000000000327e+00,4.289000000000000035e-01,-1.807299999999999907e+00,2.955200000000000049e+00,1.233600000000000030e+00,1.163700000000000012e-01
9.794100000000000028e-01,6.754400000000000404e-01,1.153499999999999970e+00,6.191900000000000404e+00,5.090499999999999581e+00,-5.738500000000000156e+00,-2.067000000000000171e+00,-2.241299999999999848e+00,-4.167600000000000193e-01,2.942600000000000104e+00,1.874400000000000066e+00,3.499099999999999988e-01,3.840700000000000003e+00,2.782799999999999940e+00,1.262399999999999967e+00
1.131699999999999928e+00,4.659099999999999575e+00,1.946600000000000108e+00,6.456800000000000317e-01,5.723600000000000243e+00,-2.112699999999999800e+00,3.554499999999999882e-01,7.189699999999999980e-01,4.292900000000000382e+00,6.483500000000000374e-02,-4.216599999999999793e-01,-2.919499999999999873e-01,4.296900000000000164e-01,-8.191399999999999793e-01,1.982399999999999940e+00
1.535600000000000076e+00,3.282799999999999940e+00,2.301200000000000134e+00,-1.879399999999999959e+00,2.564000000000000057e+00,-2.305399999999999984e-03,-3.922900000000000276e-01,2.284699999999999953e+00,3.310299999999999798e+00,6.676999999999999602e-01,1.250199999999999978e+00,-4.153200000000000225e-01,-1.293600000000000083e+00,-2.463600000000000012e+00,2.141099999999999781e+00
-9.777299999999999880e-01,-3.434099999999999930e+00,1.441999999999999922e-03,4.103399999999999714e+00,-2.180899999999999839e+00,2.259900000000000020e+00,9.775899999999999590e-01,2.209499999999999797e+00,2.565199999999999925e+00,-3.943400000000000016e+00,3.274999999999999911e+00,2.318700000000000205e+00,9.509300000000000530e-01,2.162700000000000067e+00,5.577399999999999913e+00
-1.941400000000000015e+00,-2.093299999999999883e-01,1.940800000000000081e+00,2.708800000000000097e+00,-2.341600000000000126e+00,-1.448299999999999921e+00,7.519299999999999873e-01,1.645899999999999919e+00,-8.370400000000000063e-01,-1.541400000000000103e+00,2.330200000000000049e+00,-1.981500000000000039e+00,1.394099999999999895e+00,1.280100000000000016e+00,3.619499999999999940e+00
-4.787099999999999689e+00,3.209900000000000198e+00,4.077099999999999724e+00,8.810099999999999598e-01,-3.008100000000000218e+00,-2.411599999999999966e+00,1.879899999999999904e+00,2.902400000000000091e+00,3.525400000000000148e-03,-3.205899999999999861e-01,-1.711699999999999999e+00,-2.321899999999999853e+00,7.129900000000000126e-01,2.009399999999999853e+00,3.745600000000000318e-02
-1.841299999999999937e+00,-3.073799999999999866e+00,-2.148600000000000065e+00,8.931900000000000395e-01,-2.517599999999999838e+00,-1.730800000000000047e-02,-2.775700000000000056e+00,-1.045199999999999907e+00,-1.218800000000000106e+00,-1.232599999999999918e+00,-2.335199999999999942e+00,-6.860899999999999777e-01,-3.891799999999999926e+00,8.487200000000000299e-01,-1.150900000000000034e+00
-2.912300000000000111e+00,-1.516599999999999948e+00,-1.167300000000000004e+00,-2.743900000000000006e+00,-1.753600000000000048e+00,-1.976799999999999891e+00,-3.620999999999999996e+00,-2.432999999999999829e+00,-2.097700000000000120e+00,-1.024100000000000010e+00,2.923399999999999999e+00,2.728099999999999969e+00,-2.132900000000000074e-01,-3.613199999999999967e+00,-9.785099999999999909e-01
2.405400000000000205e+00,-3.431699999999999751e-01,-7.439299999999999802e-01,-6.354899999999999771e+00,-9.133700000000000152e-01,-8.579799999999999649e-01,-7.410700000000000065e-01,-1.487800000000000011e+00,-1.953400000000000025e+00,1.404099999999999904e+00,7.308599999999999541e-01,2.082199999999999829e+00,-4.695099999999999829e-01,-1.736699999999999910e+00,-9.302500000000000213e-01
4.212500000000000355e+00,-7.213500000000000467e-01,-9.313200000000000367e-01,-3.367300000000000182e+00,1.349100000000000021e-01,-7.688099999999999934e-01,1.931499999999999995e+00,-9.599199999999999955e-01,2.696200000000000159e-03,1.512599999999999945e+00,4.154700000000000060e-01,6.940300000000000358e-01,-1.314099999999999990e-02,1.891699999999999937e+00,-8.886300000000000310e-01
1.361799999999999955e-01,9.065800000000000525e-01,-1.382400000000000018e-01,-3.854999999999999982e+00,7.192699999999999649e-01,8.769400000000000528e-01,1.315099999999999936e+00,1.555700000000000083e+00,5.233699999999999797e+00,-6.619699999999999473e-01,2.574500000000000011e+00,2.199800000000000200e+00,-1.746499999999999941e+00,4.178200000000000358e+00,1.849399999999999933e+00
-3.732899999999999885e+00,-2.188499999999999890e+00,3.551400000000000112e+00,-1.793099999999999916e+00,1.320799999999999974e+00,2.154999999999999805e+00,5.246899999999999897e-01,5.608400000000000052e-01,4.640500000000000291e+00,-3.113199999999999856e-01,1.929200000000000026e+00,2.411000000000000032e+00,2.794399999999999995e+00,4.345699999999999896e+00,2.266500000000000181e+00
-2.738500000000000156e+00,-2.754799999999999915e+00,1.153399999999999981e+00,3.460500000000000242e-01,-9.800100000000000477e-01,4.834499999999999909e-01,1.098600000000000021e+00,2.199600000000000222e+00,1.961000000000000076e+00,-1.373299999999999965e+00,1.130400000000000071e+00,8.670700000000000074e-01,2.857899999999999885e+00,1.032700000000000007e-01,1.640800000000000036e-01
-2.618100000000000094e+00,1.380100000000000104e+00,-4.680500000000000216e-01,-2.018499999999999961e+00,-1.592999999999999972e+00,-1.147299999999999986e+00,-2.394400000000000084e+00,2.309099999999999930e+00,1.539500000000000091e+00,-1.734900000000000109e+00,-1.979600000000000026e+00,1.276299999999999990e+00,1.662400000000000100e+00,-1.246399999999999952e+00,-3.105500000000000149e+00
-4.185300000000000131e-01,2.018200000000000216e+00,2.487999999999999989e+00,1.318400000000000016e+00,2.399399999999999866e-01,3.832300000000000040e+00,-1.152400000000000091e+00,2.782700000000000173e+00,2.349600000000000133e+00,8.151699999999999502e-01,-2.549599999999999866e+00,3.349299999999999944e+00,3.262700000000000156e+00,9.803600000000000092e-01,-1.104000000000000092e+00
4.836099999999999861e-04,-2.291599999999999859e+00,-9.467900000000000205e-01,-1.772299999999999986e+00,-4.401399999999999757e+00,4.755099999999999660e+00,-1.010499999999999954e+00,1.699300000000000033e+00,-3.334900000000000198e+00,-1.077900000000000080e+00,2.399500000000000188e+00,4.634900000000000131e-01,-3.006400000000000183e-01,-1.837799999999999989e-01,1.515500000000000069e+00
-6.364499999999999602e-01,-2.854000000000000092e+00,-3.936500000000000110e+00,-1.289299999999999891e+00,-4.860999999999999766e+00,8.758099999999999774e-01,-2.095499999999999918e+00,-1.831099999999999950e+00,-2.517300000000000093e+00,-9.375999999999999890e-01,1.686499999999999944e-01,-1.649799999999999933e+00,1.251300000000000079e+00,-2.697700000000000209e+00,9.546700000000000186e-01
1.275400000000000089e+00,-9.282200000000000450e-01,-7.268999999999999906e-01,5.565599999999999714e-02,-8.586000000000000298e-01,-4.151200000000000223e+00,-1.510999999999999899e+00,-2.008300000000000196e+00,-3.299700000000000077e+00,-4.749100000000000321e+00,1.543099999999999916e+00,-7.307599999999999651e-01,2.026600000000000179e+00,5.725799999999999557e+00,1.819600000000000106e+00
1.975899999999999990e+00,2.700000000000000178e+00,-1.080899999999999972e+00,-1.128200000000000092e+00,-9.208899999999999864e-01,-2.196600000000000108e+00,-4.732099999999999973e+00,-1.417899999999999938e+00,-3.338900000000000201e+00,-3.035899999999999821e+00,-5.115699999999999692e-01,3.148699999999999832e-01,1.237700000000000022e+00,2.549100000000000144e+00,1.565199999999999925e+00
8.785899999999999821e-01,2.693700000000000205e+00,2.634399999999999853e+00,3.026400000000000201e+00,-1.110899999999999999e+00,-2.263199999999999878e+00,-1.241800000000000015e+00,-2.222300000000000164e+00,-2.348599999999999799e+00,-1.497300000000000075e+00,-2.665799999999999947e+00,8.488400000000000389e-01,1.119799999999999907e+00,1.243400000000000061e+00,1.976900000000000046e-01
1.841199999999999948e+00,3.341000000000000192e+00,1.573800000000000088e+00,7.503800000000000470e-01,3.434699999999999864e+00,-1.943699999999999983e+00,-1.614999999999999991e+00,-8.510400000000000187e-01,-1.300799999999999956e+00,-4.222400000000000042e-01,1.527200000000000042e-03,-2.401899999999999924e+00,-2.211500000000000021e+00,-2.802700000000000191e+00,-1.048100000000000032e+00
1.505600000000000049e+00,3.425499999999999989e+00,2.490600000000000147e+00,-4.117000000000000104e-01,3.558600000000000207e+00,-1.210499999999999909e+00,1.060200000000000031e+00,-3.971899999999999736e-02,-5.257300000000000306e-01,-5.062499999999999778e-01,-1.873599999999999932e+00,3.930600000000000205e-01,-6.179700000000000193e-01,-3.432700000000000196e-01,-2.409499999999999975e+00
2.127099999999999991e+00,-5.723900000000000432e+00,1.693699999999999983e+00,2.747199999999999989e-02,2.555699999999999861e+00,1.268199999999999994e+00,1.617399999999999949e-01,2.741299999999999848e-01,2.882600000000000051e+00,6.522999999999999687e+00,-4.325199999999999712e+00,-1.966299999999999937e+00,5.566999999999999726e-02,9.510200000000000597e-02,-2.525399999999999867e+00
5.045300000000000118e+00,3.048999999999999932e+00,1.339900000000000091e+00,8.656099999999999905e-01,1.468099999999999961e+00,1.331900000000000028e-01,-6.028499999999999970e-01,-6.960600000000000120e-01,2.377400000000000069e-01,-1.958900000000000086e-01,-3.793499999999999872e+00,-1.758099999999999996e+00,-1.894400000000000084e+00,-4.925900000000000389e+00,-2.302099999999999813e+00
3.040700000000000180e+00,4.236100000000000421e+00,-3.572099999999999831e+00,3.833200000000000163e+00,1.845800000000000107e+00,-1.076400000000000023e+00,-4.195300000000000140e-01,-2.189000000000000057e+00,-3.890299999999999869e+00,-4.025000000000000355e+00,-3.720400000000000151e+00,-2.305000000000000160e+00,-5.023200000000000109e+00,-4.480000000000000426e+00,-5.532899999999999707e+00
-2.856899999999999995e+00,1.781800000000000050e+00,-2.203199999999999825e+00,2.578300000000000036e+00,-1.725899999999999990e+00,4.337300000000000044e-01,-2.349900000000000044e-01,3.404399999999999871e+00,-5.451500000000000234e-01,-7.329999999999999849e-01,-1.192700000000000093e+00,-5.737199999999999633e+00,-1.792000000000000037e+00,-3.662500000000000089e+00,-3.321800000000000086e+00
-4.054499999999999944e-03,1.641499999999999959e+00,-3.069599999999999884e+00,-2.371100000000000207e+00,-2.072700000000000209e+00,8.492300000000000404e-01,5.180299999999999905e-01,1.922099999999999920e+00,-5.208899999999999642e-01,8.330300000000000482e-01,-8.375399999999999512e-01,-1.980099999999999971e+00,-1.951999999999999957e+00,-2.808899999999999952e+00,-1.021200000000000108e+00
5.035899999999999821e+00,-1.148500000000000076e+00,-2.819199999999999928e+00,-2.285299999999999887e+00,1.227700000000000014e+00,1.798799999999999955e+00,4.801999999999999602e+00,-2.911599999999999966e+00,1.115399999999999947e+00,1.255700000000000038e+00,2.056500000000000217e+00,1.195699999999999985e+00,-1.095800000000000107e+00,4.096600000000000241e-01,4.312199999999999922e-01
2.058699999999999974e+00,-1.724099999999999966e+00,-1.908900000000000041e+00,-2.052799999999999958e+00,-3.296499999999999986e-01,3.812800000000000189e+00,2.703899999999999970e+00,-1.628600000000000048e+00,7.580999999999999961e-01,1.850500000000000034e+00,3.760600000000000165e+00,-9.142900000000000471e-01,-3.056599999999999942e-02,-1.322400000000000020e+00,-6.892599999999999838e-01
-2.862899999999999778e+00,-9.072200000000000264e-01,-2.673200000000000021e+00,-2.840099999999999847e-01,-1.887299999999999978e+00,3.712800000000000100e+00,2.646399999999999864e+00,5.037900000000000537e-04,-2.428199999999999914e+00,1.979299999999999948e-01,-6.540099999999999802e-01,-4.036500000000000199e+00,2.275399999999999867e+00,8.092200000000000504e-01,-2.471099999999999963e-01
-2.782099999999999795e+00,-2.428599999999999870e+00,-1.414900000000000047e+00,1.879500000000000060e-01,-3.634199999999999875e+00,-1.705100000000000060e+00,2.475099999999999856e+00,2.753600000000000048e+00,1.190199999999999925e+00,-3.281600000000000072e-01,-3.061900000000000066e+00,-2.789699999999999847e+00,-5.271300000000000291e-02,3.738500000000000156e+00,7.197299999999999809e-01
-3.112600000000000033e+00,-5.453400000000000247e+00,-2.926699999999999857e+00,-1.179999999999999938e+00,-2.826600000000000001e+00,-1.070599999999999996e+00,6.766999999999999682e-01,2.567099999999999937e+00,-3.472700000000000092e-02,3.106899999999999995e+00,-1.348400000000000043e+00,-1.408800000000000052e+00,-2.822799999999999976e+00,-2.410600000000000076e+00,1.192199999999999926e+00
-5.934399999999999675e-01,-1.178399999999999892e+00,-3.828500000000000014e+00,-4.670199999999999907e-01,3.114799999999999791e-01,4.181199999999999917e-01,-9.289500000000000535e-01,2.300699999999999967e+00,-9.202699999999999769e-02,1.144500000000000073e+00,4.393000000000000238e-01,-1.998199999999999976e+00,-1.950199999999999934e+00,9.282899999999999485e-01,8.256399999999999850e-02
3.066800000000000193e+00,4.504599999999999937e+00,2.963900000000000201e+00,8.277799999999999603e-01,3.345099999999999962e+00,-3.705399999999999805e-01,-8.043799999999999839e-01,3.122099999999999875e-01,4.785900000000000154e-01,1.765200000000000102e+00,-1.109299999999999953e+00,4.454799999999999871e-01,-1.546700000000000019e-01,2.554100000000000037e+00,1.369899999999999896e+00
2.700800000000000090e+00,2.792699999999999960e+00,5.136199999999999655e+00,4.557199999999999918e+00,6.209699999999999775e+00,-1.473999999999999977e+00,-6.919699999999999740e-01,8.376599999999999602e-01,2.522899999999999920e+00,3.693499999999999783e+00,-5.005300000000000304e-01,1.477100000000000080e+00,3.628600000000000048e+00,4.763899999999999579e+00,1.970399999999999929e+00
-3.390400000000000080e+00,3.763099999999999778e-02,3.638100000000000112e+00,5.624900000000000233e+00,8.788399999999999546e-01,-1.409100000000000019e+00,-1.031600000000000072e+00,-9.967899999999999539e-01,5.271400000000000530e-01,2.133299999999999919e-01,-4.291200000000000014e-01,5.097500000000000142e+00,2.057900000000000063e+00,6.599099999999999966e-01,4.488800000000000345e+00
-3.224000000000000199e+00,-7.267599999999999838e+00,-4.132700000000000262e-02,-2.010499999999999954e+00,-2.952300000000000146e+00,-7.719799999999999995e-01,2.499699999999999978e-01,-2.369299999999999962e+00,-1.904300000000000104e+00,-2.410699999999999843e+00,-6.106000000000000316e-01,2.560400000000000009e+00,-2.330799999999999983e+00,2.246399999999999952e+00,3.867399999999999949e+00
-1.028499999999999970e+00,-1.980499999999999927e+00,-3.792300000000000004e+00,-3.535400000000000098e+00,-1.742199999999999971e+00,1.524499999999999966e+00,-2.487600000000000089e-01,-4.166400000000000325e+00,-2.000100000000000211e+00,-1.952700000000000102e+00,1.690600000000000103e+00,-4.008799999999999919e+00,-6.683900000000000396e+00,-1.436800000000000077e+00,1.172099999999999920e+00
-1.977899999999999991e+00,-2.067600000000000104e+00,-3.916399999999999881e+00,-2.377699999999999925e+00,5.091099999999999515e-01,2.571599999999999997e-01,5.131799999999999695e-01,-1.991700000000000026e+00,1.460200000000000109e-01,3.433399999999999785e-01,1.931999999999999940e+00,-7.354899999999999771e-01,-2.385800000000000143e+00,-2.143400000000000194e+00,-3.204400000000000137e+00
-1.302999999999999936e+00,-2.851900000000000102e+00,1.766899999999999915e+00,-1.070500000000000063e-01,-2.230900000000000105e-01,-4.100599999999999801e-01,3.696400000000000241e-01,-1.344400000000000039e+00,6.910500000000000531e-01,-6.529600000000000681e-02,2.277699999999999836e+00,1.392900000000000027e+00,3.698500000000000121e+00,-1.577800000000000091e+00,-5.011299999999999644e-01
6.400700000000000278e-01,-2.046300000000000063e-01,7.205700000000000438e-01,-1.633000000000000007e+00,4.366799999999999571e+00,2.769000000000000128e+00,7.605399999999999938e-01,-2.345299999999999940e+00,-8.607900000000000551e-01,1.038599999999999968e+00,1.607499999999999929e+00,1.842400000000000038e+00,3.130999999999999783e+00,-3.773400000000000087e+00,-3.552999999999999936e+00
4.235999999999999766e+00,2.621700000000000141e+00,-9.401899999999999702e-01,4.516700000000000159e+00,3.822999999999999954e+00,-5.183400000000000230e-01,4.670400000000000107e-01,-3.865099999999999980e+00,8.468099999999999516e-01,4.862000000000000210e-01,2.568499999999999783e+00,1.606200000000000072e+00,-2.317499999999999893e+00,-3.168800000000000061e+00,3.593899999999999872e-01
2.318900000000000183e+00,4.065800000000000303e+00,-8.498999999999999888e-01,2.564000000000000057e+00,4.666199999999999903e+00,-2.859399999999999942e+00,7.994299999999999740e-01,-8.220600000000000129e-01,3.584799999999999986e+00,1.763200000000000101e+00,4.430299999999999905e+00,1.307299999999999907e+00,-3.783699999999999841e-01,-1.841199999999999948e+00,-1.079199999999999937e+00
-2.817400000000000126e+00,3.551499999999999879e+00,1.612400000000000055e+00,-1.132700000000000040e+00,-2.132099999999999884e+00,-1.950800000000000103e-02,-2.720099999999999740e-01,-6.443899999999999628e-02,3.217600000000000016e+00,2.673099999999999810e+00,-1.288899999999999935e+00,-1.225300000000000056e+00,5.756099999999999550e-01,1.264399999999999968e-01,-8.761700000000000044e-01
-3.013299999999999867e-01,-7.836199999999999832e-01,2.585999999999999854e+00,-6.510799999999999921e-01,-5.535400000000000098e+00,1.198399999999999910e+00,6.298499999999999932e-02,9.666500000000000092e-01,1.034299999999999997e+00,3.575200000000000156e+00,4.128700000000000148e-01,2.829400000000000137e+00,4.267800000000000260e+00,4.761400000000000077e-01,4.494000000000000217e-01
2.360399999999999832e+00,9.760799999999999477e-01,3.838400000000000034e+00,1.980299999999999949e+00,3.184200000000000141e+00,-7.436300000000000132e-01,-4.461299999999999988e-02,3.334200000000000053e+00,1.506299999999999972e+00,1.872300000000000075e+00,-1.389100000000000001e+00,4.481600000000000250e+00,2.923499999999999988e-01,-2.787999999999999923e-01,-1.448899999999999910e-01
-2.297000000000000153e+00,1.250699999999999923e+00,3.320500000000000118e-01,-1.886099999999999999e-01,1.311399999999999899e+00,1.607899999999999885e-01,-9.677900000000000391e-01,-1.079800000000000093e+00,-2.968100000000000183e+00,-3.976300000000000168e+00,1.286399999999999988e+00,-4.014100000000000001e+00,-4.741600000000000037e+00,-2.485899999999999999e+00,-9.810100000000000486e-01
-1.952800000000000091e+00,1.102999999999999980e+00,-2.075499999999999901e+00,-1.711999999999999966e+00,-3.762500000000000178e+00,-1.140100000000000002e-01,2.758999999999999897e+00,3.914199999999999902e-01,-3.707300000000000040e+00,-2.697799999999999976e+00,-4.137000000000000122e-01,3.408100000000000129e+00,1.248399999999999954e+00,1.864600000000000035e+00,2.507800000000000029e+00
3.620600000000000041e+00,1.746799999999999908e+00,4.426199999999999690e+00,3.990800000000000125e+00,1.607800000000000062e-01,-4.268299999999999872e-01,1.789099999999999913e+00,2.861699999999999910e+00,2.217400000000000038e+00,-1.514899999999999913e+00,1.123099999999999987e+00,8.127600000000000380e-01,3.210799999999999876e+00,-4.274100000000000121e-01,-1.285300000000000109e+00
3.795699999999999769e-02,6.739500000000000490e-01,2.099600000000000133e+00,8.436900000000000510e-01,1.227400000000000047e+00,-6.407300000000000217e-01,-5.709100000000000286e-01,3.510499999999999954e+00,-1.720399999999999985e-01,2.125999999999999890e+00,-3.721300000000000163e-01,2.649199999999999999e+00,2.165999999999999925e+00,1.968099999999999961e+00,-3.502199999999999758e-01
-3.862499999999999822e+00,-2.561900000000000066e+00,1.036299999999999999e+00,2.062900000000000011e-01,-3.755700000000000038e+00,7.247999999999999998e-01,3.879000000000000226e-01,4.497600000000000209e-02,-1.648400000000000087e+00,3.158999999999999808e+00,1.244299999999999962e+00,9.610400000000000054e-01,-5.628199999999999870e-01,1.804300000000000015e+00,1.966599999999999904e+00
-4.000200000000000422e+00,1.286100000000000021e+00,8.773300000000000542e-01,1.765900000000000025e+00,-4.587399999999999811e-01,3.972199999999999953e+00,-2.946599999999999914e-02,6.789500000000000535e-01,-5.623700000000000365e-01,1.415300000000000002e+00,1.231899999999999995e+00,6.996999999999999886e-01,3.230199999999999960e+00,2.928999999999999826e+00,2.205999999999999961e+00
-1.328899999999999970e+00,-3.291799999999999837e+00,-2.217099999999999849e+00,-2.446699999999999875e+00,2.627600000000000158e+00,5.247799999999999798e+00,3.498699999999999921e+00,1.653200000000000003e+00,-3.282999999999999918e+00,-1.185699999999999976e+00,8.404300000000000104e-01,-3.201400000000000023e+00,9.834500000000000186e-02,2.072200000000000042e+00,1.708800000000000097e+00
9.799600000000000533e-01,-4.988500000000000156e-01,-3.890200000000000102e+00,-4.122499999999999609e+00,1.253800000000000026e+00,7.095599999999999685e-01,3.030499999999999972e+00,1.191500000000000004e+00,-3.601599999999999802e-01,-2.622399999999999731e-01,4.601099999999999746e+00,-4.769900000000000251e-01,-3.080399999999999805e-01,-3.104500000000000037e-01,2.140000000000000124e+00
-9.375599999999999490e-01,-1.780700000000000061e-01,-9.555599999999999650e-01,-4.950999999999999845e-01,1.075199999999999934e+00,-2.135200000000000209e+00,1.936700000000000088e+00,3.864100000000000090e+00,1.010000000000000009e+00,1.385200000000000042e-01,2.379599999999999937e+00,2.096499999999999808e+00,3.612000000000000210e-01,2.871700000000000141e+00,1.514799999999999924e+00
-9.751700000000000645e-02,-2.615600000000000147e+00,-1.010499999999999954e+00,-3.424199999999999910e+00,6.508000000000000451e-01,7.077999999999999847e-01,4.967199999999999949e-01,3.966899999999999871e+00,1.886300000000000088e+00,-8.158499999999999641e-01,6.738499999999999698e-03,-2.008799999999999919e+00,1.199300000000000033e+00,1.860300000000000065e+00,1.996199999999999974e+00
1.841199999999999948e+00,1.241200000000000081e+00,-4.602899999999999769e-01,-3.901499999999999968e+00,6.017500000000000071e-01,4.077200000000000268e-01,-4.560299999999999798e+00,-1.307800000000000074e+00,3.306500000000000217e+00,1.913899999999999935e+00,-2.580000000000000071e-01,-3.456999999999999851e+00,-1.727800000000000002e+00,-4.730999999999999872e+00,-1.531500000000000083e+00
8.525399999999999645e-01,-1.127899999999999903e+00,2.472100000000000186e+00,7.834200000000000053e-01,-2.197900000000000187e+00,-3.778000000000000025e+00,-3.211699999999999999e+00,-3.197300000000000142e-01,-1.102899999999999991e+00,-1.798300000000000010e+00,-4.262500000000000178e-01,-2.993700000000000028e+00,1.597099999999999964e+00,1.484799999999999898e+00,-6.716400000000000148e-01
1.158199999999999896e+00,3.846600000000000019e-02,3.067899999999999849e+00,1.069800000000000084e+00,9.282500000000000195e-01,-4.302800000000000402e+00,-4.959399999999999586e+00,8.489700000000000024e-01,2.034199999999999786e+00,-1.108899999999999997e+00,-3.057799999999999851e+00,-8.721100000000000518e-01,-3.059399999999999897e-01,2.243199999999999861e+00,-6.384300000000000530e-01
5.432299999999999907e-01,-1.057800000000000074e+00,4.153800000000000270e-01,-4.141699999999999826e-01,-4.365299999999999736e-01,-1.501900000000000013e+00,-1.973100000000000076e+00,-7.325899999999999634e-01,-1.237400000000000055e+00,-3.101799999999999891e+00,2.346799999999999997e-01,1.989599999999999980e-01,-2.520300000000000207e+00,-3.536500000000000199e+00,-1.629599999999999937e+00
5.253099999999999881e+00,3.639700000000000157e-01,-4.023299999999999876e+00,-1.002699999999999925e+00,-1.433599999999999985e+00,2.557500000000000107e+00,2.548799999999999955e-01,-4.691399999999999793e+00,2.117999999999999883e+00,7.674699999999999855e-01,8.002399999999999514e-01,-1.208099999999999952e+00,-5.610199999999999854e+00,-2.427500000000000213e+00,-1.739999999999999991e+00
2.415700000000000180e+00,2.668900000000000161e-01,-1.334999999999999964e+00,9.945500000000000451e-01,-2.346999999999999975e+00,3.051600000000000090e+00,1.615699999999999914e-01,-2.177099999999999813e+00,-1.972599999999999909e+00,2.252899999999999903e+00,2.907300000000000217e+00,6.367300000000000182e-01,5.040499999999999980e-01,7.710400000000000587e-02,-2.621900000000000119e+00
4.280800000000000161e-01,-4.563899999999999901e-02,9.160000000000000087e-02,1.094100000000000072e+00,2.148200000000000109e+00,-1.755100000000000104e+00,-1.411899999999999933e+00,-1.278999999999999915e+00,1.643100000000000005e+00,-2.512399999999999967e+00,2.626499999999999946e-01,1.724900000000000044e-01,3.548799999999999732e-01,-9.116300000000000514e-01,8.432199999999999696e-01
3.294500000000000206e+00,1.319900000000000073e+00,-9.750799999999999468e-01,-2.981800000000000006e-01,1.806100000000000039e+00,-2.347799999999999887e+00,-6.060900000000000176e-01,-5.040899999999999714e+00,-3.295399999999999885e+00,-6.107800000000000118e+00,2.170700000000000074e+00,2.254500000000000171e+00,5.577800000000000535e-01,3.389499999999999735e-01,1.097299999999999942e+00
8.429600000000000426e-01,2.746999999999999886e+00,4.786900000000000044e-01,5.688299999999999468e-01,-9.627000000000000002e-01,-1.840600000000000014e+00,6.231299999999999617e-01,8.144700000000000273e-01,-3.063299999999999912e+00,-4.437999999999999723e+00,-1.214599999999999985e-01,2.003499999999999837e+00,1.939000000000000057e+00,3.220000000000000084e-01,2.921599999999999753e-01
-3.695800000000000196e+00,2.381600000000000161e+00,9.558600000000000430e-01,-8.564199999999999591e-01,-5.281100000000000350e+00,-4.713499999999999912e-01,-1.791600000000000081e+00,-1.737100000000000088e+00,-4.267699999999999827e-01,-7.848100000000000076e-01,-2.149500000000000188e+00,2.646999999999999797e+00,-6.974599999999999689e-01,1.863699999999999912e+00,-1.245600000000000041e+00
-1.504599999999999937e+00,-1.867599999999999927e+00,4.027300000000000324e+00,2.962899999999999867e+00,-1.664800000000000058e+00,-2.045700000000000074e+00,-1.407599999999999962e+00,1.337800000000000100e+00,1.442900000000000016e-01,-1.121899999999999897e+00,-8.387799999999999701e-01,2.685500000000000220e+00,8.144700000000000273e-01,3.126799999999999802e+00,3.750200000000000200e-01
-1.385499999999999954e+00,-1.559299999999999908e+00,-4.058200000000000141e-01,5.171299999999999786e-01,-7.287299999999999889e-01,-1.445699999999999985e+00,-2.990200000000000191e+00,-8.033900000000000485e-01,-1.295800000000000063e+00,-2.885099999999999998e+00,8.265000000000000124e-01,4.656699999999999728e-01,-1.328999999999999959e+00,-1.672800000000000065e+00,8.148499999999999632e-01
2.206199999999999939e+00,3.161599999999999966e+00,5.604099999999999637e-01,1.926500000000000101e+00,3.359700000000000131e+00,-5.939699999999999980e-01,-1.032000000000000028e+00,4.449000000000000177e-01,-2.254700000000000149e+00,-2.995699999999999807e+00,-1.781199999999999894e+00,-2.076900000000000190e+00,-3.021799999999999820e+00,-6.795500000000000151e-02,-1.472599999999999909e+00
-5.007700000000000484e-01,2.237699999999999967e-01,3.052500000000000213e+00,8.763100000000000334e-01,2.429100000000000037e+00,-3.845500000000000029e-01,-3.231299999999999728e-01,6.511000000000000121e-01,1.379499999999999948e+00,-1.493500000000000050e+00,-6.010600000000000165e+00,-3.248000000000000220e+00,4.672899999999999832e-01,-2.185999999999999888e-01,-2.060799999999999965e+00
6.009600000000000497e-01,-3.051200000000000134e+00,-2.036500000000000116e-02,-2.552200000000000024e+00,1.892900000000000027e+00,1.854100000000000081e+00,3.119299999999999962e+00,5.379199999999999982e+00,4.239600000000000257e+00,1.598999999999999977e+00,-3.184499999999999886e+00,-1.409699999999999953e+00,2.295399999999999885e+00,5.445900000000000185e-01,4.366500000000000270e+00
1.459999999999999964e+00,-2.352499999999999869e-01,6.147799999999999931e-01,7.497000000000000330e-01,-1.199300000000000033e+00,4.742200000000000415e+00,5.163599999999999746e+00,3.658100000000000129e+00,2.214900000000000091e+00,2.419500000000000206e+00,-3.732299999999999951e+00,3.630099999999999993e-01,7.304699999999999527e-01,7.756499999999999506e-01,3.672899999999999832e+00
2.318900000000000183e+00,-1.581800000000000095e+00,-3.643099999999999811e-02,5.965000000000000302e-01,6.656100000000000350e-01,3.365299999999999958e+00,5.013199999999999878e-01,-2.408799999999999830e+00,-3.084299999999999820e-01,6.472499999999999920e-01,-4.259000000000000341e+00,-1.985600000000000032e+00,-3.571299999999999919e+00,-3.693600000000000216e-01,1.134300000000000086e+00
1.895000000000000018e+00,1.462299999999999933e+00,-1.337499999999999911e+00,-2.900399999999999867e+00,-1.254599999999999937e+00,1.381100000000000105e-01,-5.055699999999999639e-01,-2.211199999999999832e+00,-4.184899999999999842e+00,-1.958199999999999941e+00,-6.099799999999999667e-01,-8.656599999999999850e-01,-8.289400000000000102e-01,4.205199999999999605e+00,-1.406199999999999894e+00
-2.078399999999999803e+00,3.293699999999999850e+00,-2.930499999999999883e+00,-1.240599999999999925e+00,-2.375300000000000189e+00,3.561300000000000132e+00,4.679400000000000226e-01,2.885699999999999932e+00,1.788899999999999935e+00,4.611500000000000377e+00,-1.641299999999999981e+00,-7.952799999999999869e-01,3.029599999999999849e+00,3.190700000000000092e+00,-1.076799999999999979e+00
-4.510799999999999699e+00,-6.258200000000000429e-01,-7.355000000000000426e-01,-4.065900000000000070e-01,-9.777799999999999825e-01,3.259600000000000275e-01,-2.832300000000000040e+00,3.550599999999999867e-01,-1.050599999999999978e+00,4.801300000000000345e+00,-3.990199999999999858e-01,-5.269399999999999779e-02,-4.318500000000000116e-01,-5.614300000000000068e+00,-3.185299999999999798e+00
-4.095100000000000406e+00,1.431999999999999940e+00,-6.058099999999999596e-01,2.517400000000000193e-01,2.790400000000000172e-02,-3.380900000000000016e+00,-1.286899999999999988e-01,-3.722399999999999931e+00,-1.131000000000000005e+00,-2.052799999999999958e+00,1.244299999999999962e+00,-8.050599999999999978e-01,-1.321299999999999975e-01,-2.514600000000000168e+00,1.910999999999999921e-01
-1.566799999999999971e+00,-1.732900000000000107e+00,-9.308899999999999952e-01,3.773599999999999732e-01,-5.872799999999999798e+00,-1.072100000000000053e+00,3.140400000000000080e+00,-3.174799999999999844e-01,3.450400000000000134e+00,-3.423000000000000043e+00,-5.355600000000000360e-01,-5.122900000000000231e-01,7.935600000000000431e-01,-2.358399999999999941e-01,1.334699999999999998e+00
4.518599999999999700e-02,-3.158100000000000129e+00,3.633799999999999919e+00,6.285400000000000098e+00,-9.592100000000000071e-01,-2.877400000000000180e+00,4.771700000000000053e+00,1.074500000000000011e+00,1.696900000000000075e+00,6.343600000000000350e-01,1.401499999999999968e+00,2.908900000000000041e+00,5.104499999999999815e+00,3.056400000000000006e+00,1.205600000000000005e+00
-1.648700000000000054e+00,-1.949500000000000011e+00,2.294799999999999951e+00,3.911000000000000032e-01,-7.052200000000000135e-02,-1.800000000000000044e+00,9.478999999999999648e-01,3.659899999999999820e-01,2.784499999999999975e+00,1.940600000000000103e+00,4.787899999999999795e-02,-5.253200000000000092e-01,1.625899999999999901e+00,3.457199999999999829e+00,-2.072299999999999809e+00
-6.954799999999999871e-01,-1.357199999999999962e+00,-1.469799999999999995e+00,-3.087099999999999955e+00,-5.042200000000000015e-01,2.373699999999999921e+00,-1.869800000000000073e-01,4.216500000000000248e-01,-2.047800000000000065e+00,5.626499999999999835e-01,-8.922299999999999676e-02,-7.243099999999999539e-02,-1.231500000000000039e+00,-1.641399999999999970e+00,-4.470699999999999896e+00
4.298300000000000232e+00,6.178599999999999648e-01,-1.231300000000000061e+00,-1.434500000000000108e+00,-2.073100000000000165e+00,3.947299999999999809e+00,-1.138099999999999890e+00,-2.067400000000000126e+00,-3.053599999999999870e+00,-7.657599999999999962e-01,-3.807599999999999874e-01,3.506299999999999972e-01,-1.547400000000000109e+00,2.078500000000000014e+00,2.238500000000000156e+00
5.147199999999999775e+00,3.640699999999999825e+00,-2.030200000000000060e-01,7.236399999999999499e-01,-4.783000000000000029e-01,2.874200000000000088e+00,-1.789800000000000058e+00,-1.682099999999999929e+00,-2.605799999999999894e+00,1.598299999999999998e-01,-1.693400000000000016e+00,-3.375799999999999912e-01,-1.001800000000000024e+00,-1.244100000000000067e-02,-1.330500000000000016e+00
-2.330000000000000127e-01,-2.188299999999999967e-01,-1.239000000000000101e+00,8.564899999999999736e-01,1.758399999999999963e+00,2.483499999999999819e+00,-2.630500000000000060e-01,1.121699999999999919e+00,2.415700000000000180e+00,1.505900000000000016e+00,8.705600000000000005e-01,-6.422900000000000276e-01,1.954599999999999893e+00,1.297099999999999920e+00,-1.468299999999999939e+00
-8.662699999999999845e-01,1.772899999999999920e+00,5.174299999999999455e-01,-3.605900000000000216e-01,-3.403900000000000259e-01,-4.838500000000000023e-01,-1.885599999999999943e+00,8.445399999999999574e-01,-8.209400000000000031e-01,1.250099999999999989e+00,2.905400000000000205e-01,1.566999999999999948e+00,2.148499999999999854e+00,-2.463999999999999968e+00,-5.133199999999999985e-01
-6.824299999999999811e-01,1.212499999999999911e+00,-1.662500000000000089e+00,-1.388400000000000079e+00,-3.072900000000000076e-01,-4.669900000000000162e+00,6.537300000000000333e-01,9.698700000000000099e-01,4.156400000000000095e-01,-8.966100000000000181e-01,4.118400000000000283e+00,2.081799999999999873e+00,-4.845099999999999962e-01,-5.171900000000000386e-01,-7.430499999999999883e-01
1.467899999999999934e-02,-3.010499999999999954e+00,-3.145499999999999963e-01,8.245200000000000307e-01,1.296000000000000041e+00,-4.175500000000000433e+00,-9.791600000000000303e-01,5.278899999999999704e-01,8.692499999999999671e-01,-1.961499999999999910e-01,1.106600000000000028e+00,1.388600000000000056e+00,3.797699999999999854e+00,7.134599999999999831e-01,-2.512700000000000156e+00
-1.031199999999999894e+00,-1.267600000000000060e+00,-5.607499999999999707e-01,3.017999999999999794e+00,-2.259200000000000097e-01,-2.536399999999999988e+00,-2.053799999999999848e+00,-2.725299999999999945e-01,-4.365399999999999836e-01,-2.862200000000000077e+00,-2.100499999999999812e+00,-1.146500000000000075e+00,6.080400000000000027e+00,2.807199999999999918e+00,7.026999999999999913e-01
-1.402500000000000080e+00,5.387600000000000167e-01,1.722900000000000098e+00,-1.208399999999999919e+00,5.623500000000000165e-01,1.443100000000000049e+00,-3.051800000000000068e+00,2.408900000000000041e+00,-1.948099999999999943e+00,-2.682999999999999829e-01,-6.540200000000000458e-01,2.117500000000000160e+00,2.389899999999999913e+00,5.004199999999999759e-01,5.616100000000000536e-01
-2.573199999999999932e+00,-3.451200000000000045e+00,2.764499999999999957e+00,7.513100000000000334e-01,-2.237200000000000077e+00,-9.977700000000000458e-01,5.306699999999999751e-01,1.611900000000000110e+00,5.824499999999999816e-02,8.117499999999999716e-01,8.573600000000000110e-01,8.594800000000000217e-01,-2.056000000000000050e+00,1.945400000000000018e+00,4.203700000000000436e+00
-1.930900000000000061e+00,7.933000000000000052e-01,2.542600000000000193e+00,2.014700000000000102e-01,8.578200000000000269e-01,1.353099999999999969e+00,3.527699999999999725e-01,2.821699999999999875e+00,1.297900000000000054e+00,3.513799999999999812e+00,4.380399999999999849e+00,6.640500000000000291e-01,1.591399999999999926e+00,2.457199999999999829e+00,2.841800000000000104e+00
2.418399999999999994e-01,-7.159999999999999698e-01,1.591699999999999893e+00,-5.047099999999999920e-01,4.532000000000000028e+00,4.286299999999999777e+00,-1.317599999999999882e-01,6.352100000000000524e-01,2.543299999999999894e+00,2.472199999999999953e+00,2.382600000000000051e+00,1.477899999999999991e+00,-1.291700000000000070e+00,-3.927299999999999791e+00,-1.107799999999999896e+00
-1.798200000000000021e+00,-5.434700000000000086e-01,-3.109700000000000131e+00,-3.319300000000000139e+00,2.861800000000000122e+00,4.416299999999999670e+00,2.837099999999999955e+00,-2.967000000000000082e+00,-1.001700000000000035e+00,2.300100000000000033e+00,-1.003100000000000103e+00,-2.295399999999999885e+00,-6.776699999999999946e+00,-7.292899999999999938e-01,-1.090700000000000003e+00
7.236399999999999777e-02,3.555600000000000094e+00,-5.429300000000000237e-01,6.432700000000000085e-01,-1.705899999999999916e-01,-1.244399999999999951e-01,4.240900000000000225e-01,-1.326699999999999990e+00,-2.370400000000000063e+00,-9.400500000000000522e-02,-1.108000000000000096e+00,-5.066500000000000448e-01,-1.784999999999999920e+00,-1.040300000000000002e+00,-1.513500000000000068e+00
6.758699999999999708e-01,-1.671000000000000041e+00,-1.975700000000000012e+00,-9.563500000000000334e-01,-6.111499999999999710e-01,-5.286299999999999777e+00,-1.220599999999999907e+00,3.276400000000000146e-02,2.242599999999999927e+00,2.257699999999999818e+00,-1.560599999999999987e+00,1.202199999999999935e+00,1.581200000000000105e-01,-2.507900000000000129e-01,-2.730300000000000171e+00
9.800999999999999712e-01,-3.644299999999999873e+00,1.710800000000000098e-01,8.649099999999999566e-01,1.940900000000000070e+00,-3.533199999999999896e+00,-1.469500000000000028e+00,-2.711100000000000065e+00,2.870999999999999996e+00,3.351500000000000146e+00,6.687699999999999756e-01,2.266599999999999948e+00,1.618000000000000105e+00,-2.317000000000000171e+00,1.206700000000000106e+00
5.700800000000000312e-01,2.690700000000000036e-02,2.701499999999999790e+00,2.790000000000000036e+00,3.534499999999999975e+00,-2.584400000000000031e+00,-1.782899999999999929e+00,1.538599999999999968e+00,8.634800000000000253e-01,-9.522199999999999553e-01,6.514299999999999535e-01,-2.581900000000000084e+00,-2.197800000000000031e-01,-3.621100000000000207e+00,2.123400000000000010e-01
1.296300000000000056e-02,4.418500000000000205e-02,8.410999999999999588e-01,-5.191999999999999948e-01,3.614799999999999791e+00,-4.219100000000000072e-01,1.941100000000000048e+00,-6.254800000000000637e-02,-1.616100000000000092e+00,-2.618199999999999972e-01,5.889800000000000146e+00,2.729499999999999815e+00,-3.719500000000000028e-01,-5.495400000000000285e-01,8.981500000000000039e-01
1.276299999999999990e+00,1.251300000000000079e+00,-3.522400000000000198e+00,-2.773299999999999876e+00,2.644499999999999851e+00,-2.134799999999999809e+00,6.534900000000000153e-01,-2.718799999999999883e+00,-1.884400000000000075e+00,1.214499999999999913e+00,1.242899999999999894e+00,-1.441300000000000026e+00,-1.903100000000000014e+00,-4.978600000000000136e+00,2.915000000000000036e+00
2.715599999999999792e+00,1.044599999999999973e+00,-3.032399999999999984e+00,-2.012000000000000011e+00,-1.047600000000000087e+00,-2.379300000000000193e+00,5.194400000000000128e-01,-9.072200000000000264e-01,8.931499999999999995e-01,1.642600000000000060e+00,-1.002099999999999991e+00,-5.855500000000000149e+00,-5.834600000000000009e+00,-3.131600000000000161e+00,3.208699999999999886e+00
3.401899999999999924e+00,7.828899999999999748e-01,-3.334499999999999797e+00,-1.514900000000000135e-01,-2.068400000000000016e+00,-1.017900000000000027e+00,-1.072300000000000059e-01,-1.891299999999999981e+00,-1.871499999999999941e+00,-8.009600000000000053e-01,8.953199999999999700e-03,-3.101199999999999957e+00,-1.110999999999999988e+00,6.344400000000000039e-01,1.202099999999999946e+00
1.493999999999999995e+00,-8.726300000000000168e-01,-3.393899999999999917e+00,1.999200000000000088e+00,4.960200000000000026e-02,4.870400000000000063e+00,3.851500000000000146e+00,5.229000000000000314e-01,-1.861900000000000110e+00,-1.448199999999999932e+00,1.940399999999999903e-01,-3.791999999999999815e-01,-1.548300000000000010e+00,3.077900000000000080e+00,3.578599999999999781e+00
-2.443200000000000038e+00,-1.727600000000000025e+00,-1.834600000000000009e+00,8.766100000000000003e-01,3.900399999999999978e-01,6.154799999999999827e+00,6.331400000000000361e+00,1.264899999999999913e+00,-7.754699999999999926e-01,6.209700000000000220e-01,4.140799999999999592e+00,2.031899999999999817e+00,1.921100000000000030e+00,4.742799999999999905e+00,3.879900000000000126e+00
4.059099999999999930e-01,2.593699999999999894e-01,1.316500000000000004e+00,-5.796700000000000186e-01,-1.756899999999999906e+00,5.181799999999999962e+00,2.978200000000000180e+00,3.199300000000000033e+00,-1.461300000000000099e-01,4.125900000000000123e-01,-6.302699999999999969e-01,-7.474699999999999678e-01,-1.273600000000000065e+00,1.745200000000000085e+00,-1.403500000000000025e-01
4.044900000000000162e-01,2.080499999999999794e+00,-1.876099999999999990e-01,-7.275599999999999845e-01,2.198100000000000165e+00,-2.919999999999999929e+00,2.828100000000000058e+00,2.486600000000000144e+00,-3.371600000000000152e-01,-1.061900000000000066e+00,7.135000000000000231e-01,-3.325699999999999878e+00,-2.166300000000000114e+00,4.686100000000000265e-01,-1.407299999999999995e+00
-9.005400000000000071e-01,8.284599999999999742e-01,2.221999999999999975e+00,6.059999999999999831e-01,4.009100000000000108e+00,-4.270199999999999996e+00,-3.796200000000000130e-01,6.302600000000000424e-01,2.909800000000000164e+00,-1.221799999999999997e+00,8.936199999999999699e-02,2.653500000000000192e+00,2.726300000000000168e+00,8.420199999999999907e-01,-1.076000000000000068e+00
-9.387699999999999934e-01,9.385900000000000354e-01,5.017699999999999605e+00,7.474399999999999933e-01,1.766399999999999970e+00,-8.612199999999999855e-01,-1.910400000000000098e+00,1.366500000000000048e+00,6.166299999999999670e+00,1.018699999999999939e+00,-3.612400000000000055e+00,2.732499999999999929e+00,2.472300000000000164e+00,1.133299999999999974e+00,-4.835900000000000198e-01
1.471500000000000030e+00,-2.975300000000000167e-01,1.180399999999999894e+00,-7.222800000000000331e-01,-3.267500000000000071e+00,-3.520900000000000141e-01,-4.061300000000000132e+00,-1.461500000000000021e+00,1.481300000000000061e+00,2.897499999999999964e+00,-4.974700000000000233e-01,-3.718700000000000117e+00,-9.403899999999999482e-01,1.060899999999999954e+00,-2.494499999999999940e+00
-8.973499999999999810e-01,-5.816700000000000204e-01,-3.865800000000000125e+00,-2.949199999999999822e+00,-5.187800000000000189e+00,-4.665300000000000002e-01,-2.729800000000000004e+00,-3.638900000000000023e+00,-3.823900000000000077e+00,9.151299999999999990e-01,-2.826799999999999979e+00,-3.272800000000000153e+00,2.252800000000000080e-01,-3.586800000000000210e+00,-4.596499999999999808e+00
-3.778699999999999854e-04,-1.487900000000000056e-01,-2.235199999999999854e+00,-1.515700000000000047e+00,-2.394899999999999807e+00,5.025000000000000355e+00,-5.357300000000000395e-01,-6.722200000000000397e-01,-2.904300000000000104e+00,-4.589500000000000135e+00,-2.423900000000000166e+00,1.306299999999999961e-01,-1.785300000000000109e+00,-9.601699999999999235e+00,-6.276299999999999990e+00
5.471599999999999797e-01,-1.400500000000000078e-01,-3.282900000000000262e-01,-4.154999999999999805e-01,-2.790799999999999947e+00,2.526899999999999924e+00,-1.022399999999999975e-01,1.550200000000000022e+00,7.238299999999999734e-01,-1.483299999999999896e-01,-2.861200000000000188e+00,-2.430699999999999861e+00,1.291199999999999903e+00,-5.814599999999999769e-01,-2.831500000000000128e+00
1.061299999999999910e+00,1.159399999999999986e+00,2.044999999999999873e-01,-8.578900000000000414e-01,3.939999999999999947e+00,-2.900100000000000122e+00,-1.369899999999999896e+00,3.024000000000000021e+00,9.164099999999999469e-01,1.719200000000000061e+00,-1.339599999999999957e-01,-3.084799999999999764e-01,1.421000000000000041e+00,2.094399999999999873e-01,-7.094599999999999795e-01
4.883899999999999908e-01,1.628900000000000015e+00,-8.324099999999999833e-01,5.166899999999999826e-01,4.551399999999999890e-02,-1.423100000000000059e-02,-2.607099999999999973e+00,1.744099999999999984e+00,2.346600000000000019e+00,-2.340000000000000135e-01,-6.375999999999999446e-01,-7.785600000000000298e-01,-1.375099999999999989e+00,1.550899999999999945e+00,-1.615899999999999892e+00
4.954999999999999960e-01,5.953300000000000258e-01,-1.290300000000000002e+00,9.803800000000000014e-02,-2.810999999999999943e+00,3.710699999999999828e-04,7.077200000000000157e-01,-4.486299999999999732e-01,-9.745399999999999618e-01,-2.457300000000000040e+00,-7.042400000000000049e-02,-1.084400000000000031e+00,-9.776399999999999535e-01,-8.826899999999999746e-01,-2.580100000000000171e-01
4.658800000000000274e+00,1.567199999999999926e+00,2.294799999999999951e+00,-5.139500000000000179e-01,-1.875199999999999922e-01,-1.713000000000000078e+00,2.472399999999999931e+00,-1.416700000000000070e+00,-1.582699999999999996e+00,-4.390200000000000102e+00,-4.492499999999999827e-01,2.474399999999999933e-01,-2.894499999999999851e+00,-2.784199999999999786e+00,1.348899999999999988e+00
4.229700000000000237e+00,2.428900000000000059e+00,2.857000000000000206e+00,7.028100000000000458e-01,1.570699999999999985e+00,2.896599999999999842e+00,2.672699999999999854e+00,-7.728099999999999969e-01,-1.181300000000000017e+00,-3.812300000000000022e+00,-2.127299999999999969e+00,-1.619800000000000129e-01,1.278899999999999926e+00,-1.552699999999999969e+00,2.333500000000000019e-01
-2.236200000000000188e+00,6.479500000000000259e-01,7.891000000000000236e-01,-1.459500000000000020e+00,1.381799999999999917e+00,1.949000000000000066e+00,-8.792200000000000015e-01,-7.902900000000000480e-01,-2.231899999999999995e+00,-1.438900000000000068e+00,-5.418500000000000538e-01,1.687299999999999911e-01,-3.014600000000000168e+00,-1.526899999999999924e+00,-1.661299999999999999e+00
-3.127099999999999991e+00,9.153099999999999570e-01,2.120800000000000018e+00,1.508499999999999952e+00,-2.276299999999999990e+00,-9.936599999999999877e-01,1.780200000000000005e+00,-2.618700000000000028e+00,-1.402500000000000080e+00,-1.445200000000000040e+00,1.294100000000000028e+00,1.362300000000000066e+00,-1.256799999999999917e+00,-7.381999999999999673e-01,-5.631099999999999994e-01
-6.047700000000000298e-01,5.840300000000000047e+00,9.536799999999999722e-01,2.755500000000000060e+00,7.949600000000000000e-01,-1.566500000000000004e+00,2.059300000000000019e-01,-3.260000000000000120e-01,-2.704099999999999837e-01,3.630199999999999871e+00,1.927699999999999969e+00,-9.189500000000000446e-01,5.456199999999999939e-01,1.147999999999999909e+00,-6.518100000000000005e-01
1.743400000000000061e+00,3.150700000000000056e+00,9.899099999999999566e-01,3.170199999999999907e+00,-2.013800000000000034e-01,-7.516599999999999948e-01,-3.546199999999999797e+00,-3.806000000000000050e+00,1.845499999999999918e+00,3.663199999999999790e+00,-8.596899999999999542e-01,5.997700000000000031e+00,1.546100000000000030e+00,3.353200000000000180e+00,2.581900000000000084e+00
2.013399999999999856e+00,-1.679100000000000037e+00,4.512500000000000178e+00,1.261900000000000022e+00,1.320500000000000007e+00,1.081400000000000000e-01,-1.075499999999999901e+00,-9.600599999999999412e-02,3.079000000000000181e+00,2.677200000000000024e+00,1.074100000000000055e+00,4.485699999999999577e+00,3.407399999999999984e+00,1.418299999999999894e+00,2.673000000000000043e+00
-2.472999999999999865e+00,-5.439300000000000246e+00,4.495199999999999640e+00,2.381200000000000205e+00,3.789000000000000146e-01,3.797800000000000065e+00,-2.289400000000000046e-01,1.033500000000000085e+00,-4.442300000000000137e-01,-2.174599999999999866e+00,2.571400000000000130e+00,-7.489899999999999336e-02,1.808999999999999941e+00,4.235899999999999999e+00,2.688400000000000123e+00
-5.293800000000000061e+00,-3.769200000000000106e+00,3.282399999999999984e+00,6.077000000000000179e-01,-5.089500000000000135e-01,3.354099999999999859e+00,-1.599299999999999944e+00,-4.712800000000000322e-02,-1.946099999999999941e+00,-3.388900000000000023e+00,1.362800000000000011e+00,5.191599999999999548e-01,2.177599999999999980e+00,3.541599999999999859e+00,3.832100000000000062e+00
-1.338000000000000078e+00,-1.942399999999999904e+00,-8.446200000000000374e-01,-1.728699999999999903e+00,2.584099999999999842e+00,-2.646199999999999886e+00,-2.654100000000000126e+00,-1.755700000000000038e+00,2.751500000000000057e+00,-6.005300000000000082e-01,-4.146500000000000186e-01,7.877199999999999758e-01,-1.340500000000000025e+00,-1.121399999999999952e+00,4.506099999999999994e+00
-8.424700000000000522e-01,-2.357800000000000118e+00,-3.090199999999999836e+00,5.220799999999999663e+00,-6.776400000000000201e-01,-5.894099999999999895e-01,2.667499999999999871e-01,-1.849900000000000100e+00,1.798800000000000052e-02,-6.201999999999999874e-02,-6.175400000000000333e-02,9.102500000000000036e-01,2.147400000000000198e+00,4.814400000000000013e+00,2.765400000000000080e+00
-2.778300000000000214e+00,-2.963099999999999845e+00,1.741900000000000004e+00,3.819900000000000073e+00,-1.192800000000000082e+00,3.693400000000000016e-01,3.227199999999999847e+00,2.196699999999999875e+00,-3.080799999999999983e+00,3.945399999999999796e+00,5.628899999999999793e+00,8.311500000000000554e-01,2.106399999999999828e+00,1.397599999999999953e+00,2.179599999999999871e-01
-6.050699999999999967e-01,-3.507099999999999884e+00,-1.313299999999999912e+00,1.979400000000000048e+00,9.783699999999999619e-01,4.838100000000000039e-02,2.243900000000000006e+00,1.461999999999999966e+00,-1.587299999999999933e+00,1.950299999999999923e+00,1.547299999999999898e+00,-3.397699999999999942e+00,-3.493399999999999839e+00,-3.743199999999999861e+00,-5.755200000000000315e+00
-1.521199999999999983e-02,-3.239599999999999813e+00,-9.255999999999999783e-01,-2.842600000000000016e+00,-1.697100000000000053e+00,-2.936100000000000154e+00,4.750900000000000123e-01,6.942399999999999682e-01,-2.493100000000000094e+00,1.350000000000000089e+00,-1.948900000000000077e+00,-1.487300000000000066e+00,-2.480799999999999894e+00,2.951499999999999957e-02,-3.503200000000000092e+00
3.659100000000000019e+00,2.162700000000000067e+00,-4.397100000000000009e+00,-7.238599999999999923e+00,1.018400000000000034e-02,-1.583299999999999930e+00,-4.012100000000000222e+00,1.830200000000000049e+00,-1.314400000000000013e+00,1.073399999999999910e+00,-1.778999999999999915e+00,-1.450499999999999901e+00,6.507300000000000306e-01,3.409600000000000186e+00,1.149699999999999944e+00
-1.575099999999999945e+00,2.071800000000000086e+00,-3.284800000000000164e+00,-5.519199999999999801e-02,4.496000000000000441e+00,7.458500000000000130e-01,-1.752199999999999980e+00,1.426099999999999923e+00,-7.012000000000000455e-01,6.643499999999999961e-01,-6.892300000000000093e-01,1.893299999999999983e+00,1.876300000000000079e+00,-6.214800000000000324e-01,-1.259800000000000031e+00
-2.496399999999999952e+00,4.814400000000000013e+00,2.181999999999999940e+00,5.585400000000000365e-01,2.787500000000000089e+00,-1.488599999999999923e+00,-6.631500000000000172e-01,2.706399999999999917e-01,1.568900000000000017e-01,-1.327900000000000080e+00,1.592600000000000016e+00,1.409299999999999997e+00,3.698799999999999866e+00,2.266500000000000181e+00,1.593599999999999905e+00
-6.126899999999999569e-01,5.530999999999999694e+00,2.239500000000000046e+00,-1.550200000000000022e+00,-2.069500000000000117e+00,8.064900000000000402e-01,4.061699999999999755e-01,-5.981999999999999540e-01,-2.145400000000000085e-01,-4.721899999999999764e+00,4.607499999999999929e+00,2.219500000000000028e+00,1.701400000000000048e-03,-9.559600000000000319e-01,-3.921999999999999931e-01
1.985200000000000020e-01,9.698999999999999844e-01,-2.086300000000000043e+00,-1.214699999999999891e+00,-4.854099999999999859e+00,5.195999999999999730e+00,8.130800000000000527e-02,6.151999999999999691e-01,2.622799999999999798e+00,-1.061099999999999932e+00,-7.619299999999999962e-01,-1.378800000000000026e+00,-8.680900000000000283e-01,-1.674900000000000055e+00,2.575099999999999945e+00
1.566200000000000037e+00,-4.008200000000000429e+00,6.921300000000000230e-01,4.602899999999999769e-01,-7.265000000000000346e-01,-8.746899999999999675e-01,-1.468099999999999961e+00,1.406900000000000039e+00,3.883599999999999941e+00,-3.634399999999999853e+00,-3.838299999999999823e+00,-3.835399999999999920e+00,-2.957800000000000207e+00,-1.203899999999999970e+00,1.213500000000000023e+00
2.985300000000000065e+00,-4.890900000000000247e+00,-2.349299999999999944e+00,-1.261900000000000022e+00,-1.842399999999999871e-01,3.211199999999999832e+00,1.553299999999999903e+00,-1.516499999999999959e+00,-2.035699999999999843e+00,-3.057999999999999829e+00,-8.711199999999999499e-02,-1.694800000000000084e+00,-2.877200000000000202e+00,-2.209799999999999986e+00,3.591099999999999959e+00
8.347099999999999520e-01,1.942000000000000115e-01,-4.746699999999999697e+00,-4.993800000000000239e+00,-2.000000000000000000e+00,8.043900000000000494e-01,-1.156400000000000067e-01,-2.539099999999999913e+00,2.328800000000000203e+00,-2.710700000000000109e+00,1.384300000000000086e+00,4.325600000000000001e-01,-3.889900000000000024e-01,2.315100000000000158e+00,-9.567299999999999416e-02
9.212900000000000533e-01,-1.033300000000000107e+00,-2.224099999999999966e+00,-2.513199999999999878e+00,4.204500000000000348e+00,-2.232899999999999885e+00,3.019299999999999873e+00,-1.588000000000000078e+00,3.842099999999999960e-01,-1.347299999999999942e+00,-1.746399999999999952e+00,-1.349399999999999933e+00,2.286700000000000177e+00,3.423399999999999777e-01,-1.364400000000000057e+00
1.306200000000000028e+00,-5.517499999999999627e-01,-1.548599999999999977e+00,5.243100000000000538e-01,2.299799999999999844e+00,-3.018899999999999917e+00,2.866600000000000037e+00,8.291199999999999681e-01,-2.874699999999999811e+00,-4.081000000000000405e+00,-2.565399999999999903e+00,-1.677400000000000002e+00,-3.215599999999999792e+00,-1.573399999999999910e+00,9.860600000000000476e-01
-1.136700000000000044e+00,-3.440900000000000070e+00,-1.698399999999999910e+00,2.985999999999999766e-01,-4.724800000000000111e-01,-1.491399999999999948e-01,3.684299999999999797e-01,-5.493099999999999650e-01,-3.377899999999999903e+00,-2.580099999999999838e+00,-2.211199999999999832e+00,-7.472900000000000376e-02,5.096800000000000219e-01,1.387699999999999934e+00,2.676299999999999901e+00
-9.601100000000000190e-01,-3.681299999999999795e+00,-1.225300000000000056e+00,-2.938400000000000123e+00,-3.318200000000000038e+00,-2.891000000000000014e+00,-1.368000000000000105e+00,-2.088999999999999968e+00,-2.920100000000000140e+00,-1.761900000000000022e+00,-1.206800000000000095e+00,2.844300000000000050e+00,2.856899999999999995e+00,4.798899999999999721e+00,-1.295900000000000052e+00
-1.634300000000000086e+00,-4.976700000000000013e-01,-1.100100000000000078e+00,-1.010000000000000009e+00,-4.195299999999999585e+00,6.397899999999999698e-01,-1.375999999999999890e+00,1.133399999999999963e+00,9.686999999999999778e-02,1.643999999999999906e+00,-2.161800000000000110e-01,3.928700000000000081e+00,5.339500000000000357e-01,3.068499999999999783e+00,-2.364799999999999791e+00
1.142200000000000021e-01,-4.706000000000000183e-01,9.127100000000000213e-01,9.281599999999999850e-01,4.411300000000000221e-01,4.130300000000000082e+00,1.668000000000000038e-01,4.014400000000000190e+00,3.026699999999999946e+00,4.741100000000000314e+00,-6.901000000000000467e-01,3.313600000000000101e+00,-4.277799999999999936e-01,-2.891900000000000137e+00,-1.750599999999999934e+00
8.080600000000000005e-01,2.433199999999999807e+00,5.239599999999999813e-01,-1.644500000000000073e+00,-6.984200000000000408e-01,4.140400000000000191e-01,-2.703900000000000192e-01,2.775900000000000034e+00,1.663499999999999979e+00,1.056700000000000000e-01,2.421800000000000175e+00,2.205600000000000005e+00,8.246900000000000341e-01,-2.516399999999999970e+00,-1.141299999999999981e+00
-6.985799999999999788e-01,1.576999999999999957e+00,3.530400000000000205e-01,-5.144600000000000284e-01,-4.056799999999999962e+00,-2.357200000000000184e+00,-2.223399999999999821e+00,2.451000000000000068e+00,5.662700000000000511e-01,-8.226799999999999669e-01,9.879700000000000149e-01,-3.446899999999999853e+00,-9.376999999999999780e-01,-1.167399999999999993e+00,-3.527699999999999836e+00
-7.711299999999999821e-01,7.929899999999999727e-01,1.447300000000000031e+00,6.775099999999999456e-01,-2.837400000000000144e+00,-1.402500000000000080e+00,-2.309299999999999908e+00,-1.428900000000000059e+00,-1.205799999999999983e+00,2.414800000000000058e+00,-1.772499999999999964e+00,-4.598499999999999588e+00,-1.914299999999999891e+00,1.491099999999999925e-01,-2.010099999999999998e+00
1.008499999999999952e+00,1.515500000000000069e+00,1.717799999999999994e+00,4.456199999999999939e+00,3.624800000000000022e+00,-8.864800000000000457e-01,-1.313199999999999923e+00,-3.154599999999999849e+00,-2.090199999999999836e+00,3.351700000000000124e+00,-1.690399999999999903e+00,-3.426899999999999835e+00,-1.748199999999999976e+00,1.431000000000000050e+00,2.711399999999999921e-02
1.624600000000000044e+00,-3.306799999999999740e-01,8.325599999999999667e-01,-1.655499999999999972e+00,2.561399999999999899e+00,1.084500000000000020e+00,1.807600000000000096e+00,-1.391999999999999904e+00,-1.437300000000000022e+00,-7.818100000000000049e-01,-3.726099999999999968e-01,-7.941899999999999515e-01,-2.812199999999999811e+00,2.053399999999999948e-01,-4.709800000000000098e-01
1.213300000000000045e+00,-5.339000000000000412e-01,3.289599999999999747e-01,-2.210399999999999920e+00,1.332500000000000073e-01,5.356199999999999850e-02,4.701500000000000123e-01,-1.736799999999999899e+00,1.875799999999999912e+00,-1.143799999999999928e+00,3.069799999999999862e+00,1.493700000000000028e+00,-9.660699999999999843e-01,-4.817899999999999849e+00,-1.339300000000000039e-02
8.303899999999999615e-01,3.865200000000000191e+00,1.496799999999999908e+00,-5.158300000000000107e-01,-3.546699999999999964e+00,3.418299999999999894e+00,1.719899999999999984e+00,-1.061399999999999982e-01,3.555900000000000172e-01,-8.678700000000000303e-01,2.229800000000000004e+00,2.494899999999999896e+00,9.515400000000000524e-01,7.798100000000000032e-01,2.397200000000000220e+00
6.806799999999999518e-01,3.596200000000000063e+00,1.448800000000000088e+00,5.737499999999999822e+00,-2.005100000000000104e+00,2.003200000000000092e+00,6.020999999999999686e-01,-9.248499999999999499e-01,-2.930299999999999905e+00,1.813299999999999912e+00,2.938699999999999868e+00,4.241900000000000115e-01,7.590400000000000480e-01,-1.395799999999999930e+00,1.079299999999999926e+00
-2.258599999999999844e-02,1.711200000000000054e+00,9.995100000000000096e-01,1.031099999999999905e+00,-8.675100000000000033e-01,4.520500000000000212e-02,4.582300000000000040e+00,2.249099999999999877e+00,5.320299999999999585e+00,1.796999999999999931e+00,-6.337699999999999445e-01,-8.562800000000000411e-01,1.914199999999999902e+00,-1.939000000000000057e+00,-4.809499999999999886e+00
-5.666600000000000525e-01,-7.441600000000000437e-01,1.135499999999999954e+00,7.534800000000000386e-01,-1.644799999999999873e-01,-1.423899999999999944e+00,1.489100000000000090e+00,5.714199999999999946e+00,3.871399999999999952e+00,2.875500000000000167e+00,-1.222299999999999942e+00,-4.338000000000000078e+00,4.149499999999999744e+00,3.931599999999999984e+00,-8.257499999999999840e-01
-4.168100000000000138e-01,-4.460899999999999865e-01,3.144000000000000128e+00,1.315499999999999892e+00,8.062999999999999334e-02,-3.460599999999999898e+00,-7.390400000000000302e-01,2.960599999999999898e-01,4.864499999999999602e+00,3.152099999999999902e+00,-1.015900000000000025e+00,-1.727700000000000014e+00,3.194500000000000117e+00,7.155700000000000394e-01,-5.527199999999999891e-01
-1.286299999999999999e+00,-3.456799999999999873e+00,1.651000000000000023e+00,-1.658300000000000107e+00,-1.126400000000000068e+00,-8.677799999999999958e-01,-8.256400000000000405e-01,-1.821499999999999897e+00,7.185999999999999679e-03,2.546599999999999975e-01,-1.800799999999999956e+00,-7.570299999999999807e-01,-2.375300000000000189e+00,-4.582399999999999807e+00,-2.608499999999999819e+00
1.064799999999999969e+00,-2.068099999999999827e+00,-1.642300000000000093e+00,-1.857699999999999907e+00,6.068000000000000060e-01,-1.572799999999999976e+00,9.126699999999999813e-01,-1.476599999999999913e+00,-3.054899999999999949e+00,-7.158299999999999663e-01,1.209500000000000020e+00,1.423899999999999944e+00,-2.282300000000000217e+00,2.439400000000000013e+00,2.092200000000000060e+00
6.113600000000000145e-01,-2.139300000000000090e-01,2.735700000000000021e+00,4.841899999999999871e+00,3.415700000000000180e+00,-4.109800000000000120e-01,-1.891100000000000003e+00,3.497100000000000097e+00,3.643899999999999917e+00,3.620499999999999829e+00,3.394200000000000106e+00,2.378400000000000070e+00,2.761400000000000077e+00,5.059000000000000163e-01,2.648400000000000087e+00
4.925199999999999717e-02,-9.023099999999999454e-01,2.785499999999999865e+00,4.671800000000000175e+00,4.781099999999999794e-01,4.729599999999999915e-01,-3.628399999999999959e-01,8.901499999999999968e-01,1.805499999999999883e-01,8.093799999999999883e-01,-5.659700000000000147e-02,-1.106000000000000094e+00,1.858500000000000041e+00,1.395999999999999908e+00,5.771800000000000264e-01
2.937000000000000166e-01,1.697400000000000020e+00,1.749600000000000044e-01,4.300100000000000033e-01,-7.411100000000000465e-01,5.249500000000000277e+00,1.565800000000000081e+00,-1.116800000000000015e+00,-3.323799999999999866e+00,-8.285299999999999887e-01,-1.806699999999999973e+00,-8.153399999999999884e-03,-1.539500000000000091e+00,-3.097799999999999887e+00,-2.479299999999999837e+00
1.370100000000000096e+00,-4.626399999999999957e-01,-1.821299999999999919e+00,-1.490399999999999947e+00,-1.078199999999999992e-01,3.187199999999999811e+00,-1.227400000000000019e-01,-1.928400000000000114e-01,-3.493900000000000006e+00,-1.994599999999999929e+00,-2.179499999999999993e+00,-8.962700000000000111e-01,-2.810900000000000176e+00,-6.976499999999999924e-01,-2.408599999999999852e+00
5.309599999999999653e+00,5.043099999999999916e+00,4.340899999999999759e-01,-1.322299999999999864e-01,3.634599999999999831e+00,-1.147299999999999986e+00,-8.964600000000000346e-01,-2.252600000000000158e+00,-1.356500000000000039e+00,1.833399999999999919e+00,-1.403800000000000048e-01,-8.878099999999999881e-01,1.130200000000000093e+00,-4.283800000000000108e-02,-2.228600000000000136e+00
1.108500000000000041e+00,-2.286999999999999922e+00,1.281400000000000039e-01,-2.553100000000000147e+00,2.438200000000000145e+00,-3.063600000000000101e+00,-1.517300000000000093e+00,-1.777500000000000080e+00,1.862999999999999989e+00,4.672600000000000087e+00,-1.476500000000000035e-01,1.134399999999999992e-02,-7.787500000000000533e-01,5.144699999999999829e-01,2.358999999999999986e+00
3.214999999999999858e+00,-1.729300000000000059e+00,2.344800000000000217e+00,1.051299999999999901e+00,1.467799999999999994e+00,1.547800000000000065e+00,2.138100000000000112e+00,3.028399999999999981e-01,6.746100000000000430e-01,2.536599999999999966e+00,-3.131600000000000161e+00,9.221500000000000530e-03,1.225700000000000012e+00,3.165700000000000180e+00,7.313600000000000101e+00
1.561600000000000099e+00,2.391099999999999781e+00,-1.211799999999999988e+00,2.602300000000000058e+00,2.563400000000000123e+00,4.401500000000000412e+00,4.666500000000000092e+00,4.055600000000000094e+00,-1.303399999999999892e+00,-1.021900000000000031e+00,-3.024200000000000221e-01,1.953200000000000047e+00,2.642599999999999838e+00,4.888500000000000068e-01,4.924599999999999866e+00
-4.256400000000000183e+00,4.837799999999999656e+00,-2.904900000000000260e-01,-1.848400000000000043e+00,1.934399999999999897e+00,-3.735800000000000232e-01,3.231300000000000061e+00,1.775300000000000100e+00,-8.763499999999999623e-01,-2.159100000000000019e+00,1.468800000000000106e+00,1.859900000000000109e+00,4.024399999999999977e+00,1.192200000000000031e-02,2.537399999999999878e+00
-4.513099999999999890e-01,-1.873099999999999987e+00,-2.658100000000000046e-03,-3.644600000000000062e+00,4.100600000000000023e+00,-2.540799999999999947e+00,3.197799999999999976e+00,4.044699999999999684e-02,-1.836500000000000077e-01,-1.535400000000000098e+00,1.436300000000000077e-01,3.194599999999999884e+00,1.031099999999999905e+00,2.041999999999999815e+00,2.274799999999999933e+00
-3.554199999999999804e+00,-5.770400000000000418e+00,-3.712000000000000188e+00,-1.421899999999999942e+00,1.818200000000000094e-01,2.257499999999999840e+00,-1.745500000000000052e+00,-2.242500000000000160e+00,-6.392999999999999794e-01,2.497300000000000075e-01,-2.298399999999999888e-01,1.994599999999999929e+00,3.385400000000000076e-01,-8.594600000000000017e-01,-2.088999999999999968e+00
1.559099999999999930e+00,-6.918600000000000305e-01,-1.646600000000000064e+00,2.054600000000000204e+00,-2.418499999999999872e+00,-2.672099999999999920e+00,-3.686700000000000088e+00,-2.192399999999999904e-01,-1.947000000000000064e+00,-1.118800000000000017e+00,2.513400000000000079e-01,-1.203799999999999981e+00,-1.684500000000000108e+00,-4.152000000000000135e+00,8.649000000000000021e-01
8.235200000000000298e-01,5.809300000000000352e+00,4.602299999999999613e+00,1.185599999999999987e+00,-2.316100000000000103e-01,-6.625099999999999767e+00,-5.503400000000000070e+00,-7.901700000000000390e-02,3.968400000000000261e-01,-2.938299999999999912e+00,-1.676299999999999901e+00,-1.299199999999999910e+00,8.434500000000000330e-01,8.743800000000000461e-01,-2.535200000000000120e+00
-2.677200000000000024e+00,-2.546700000000000075e-01,1.434399999999999897e+00,1.199999999999999956e-01,-2.637999999999999901e+00,-2.026499999999999968e+00,-3.140299999999999869e+00,-1.573399999999999910e+00,-2.576100000000000056e-01,-1.185699999999999976e+00,3.743799999999999906e-01,3.033399999999999985e-01,1.224599999999999911e+00,9.615799999999999903e-01,-1.820200000000000040e+00
-5.475999999999999979e+00,-5.912399999999999878e+00,-1.537099999999999911e+00,3.189099999999999824e+00,-1.045199999999999907e+00,-1.725999999999999979e+00,-3.428300000000000125e+00,-1.828200000000000103e-01,1.177599999999999980e+00,-3.200000000000000067e-02,2.823700000000000099e+00,2.449199999999999822e+00,2.498000000000000220e+00,2.408199999999999896e+00,1.361600000000000033e-01
-2.326099999999999834e+00,-2.831300000000000150e+00,-3.640400000000000080e+00,-3.967000000000000082e+00,-3.643100000000000005e+00,3.029000000000000026e-01,-5.175100000000000255e-01,-2.541500000000000092e+00,2.121100000000000207e+00,2.921199999999999908e-01,2.604999999999999982e+00,4.824200000000000266e+00,-3.830299999999999816e+00,1.947300000000000031e+00,9.580600000000000227e-01
-1.883199999999999985e+00,-3.050999999999999893e-03,-2.936900000000000066e+00,-3.666599999999999859e+00,-2.195500000000000007e+00,1.859599999999999920e+00,1.480799999999999894e+00,-4.351700000000000124e+00,2.408599999999999852e+00,1.786000000000000032e+00,-1.339499999999999913e+00,1.325999999999999956e-01,-4.630899999999999572e+00,-1.180099999999999927e+00,-1.897899999999999920e+00
-3.465899999999999981e+00,-2.190599999999999881e+00,-1.566300000000000026e+00,-2.104400000000000048e+00,-8.437900000000000400e-01,2.913700000000000179e-01,-1.882200000000000095e+00,-5.173699999999999827e-02,-5.883899999999999686e-01,-2.946899999999999853e+00,-2.678799999999999848e+00,-1.673100000000000032e+00,-3.107099999999999973e+00,-2.159299999999999997e+00,-3.388999999999999790e+00
-1.675000000000000044e+00,-1.276299999999999935e-01,1.362400000000000000e-01,-2.392900000000000027e+00,-1.338999999999999968e+00,-2.209299999999999820e+00,7.285500000000000309e-02,-8.913100000000000189e-02,-1.412199999999999900e+00,-2.287599999999999856e+00,-1.024199999999999999e+00,3.978899999999999881e+00,1.737999999999999989e+00,2.875599999999999934e+00,1.096200000000000063e+00
-5.136899999999999800e-01,-1.812799999999999967e+00,-3.369499999999999940e+00,-1.620700000000000029e+00,-1.172299999999999898e+00,3.700400000000000134e+00,4.234300000000000175e+00,7.977699999999999791e-01,-9.616599999999999593e-01,1.380300000000000082e+00,4.166599999999999859e+00,1.965899999999999981e+00,-9.128399999999999848e-01,-2.938899999999999846e+00,9.435999999999999943e-01
6.416800000000000281e-01,6.215699999999999559e-01,-2.919799999999999951e+00,-1.266899999999999915e+00,-9.978200000000000403e-01,1.552799999999999958e+00,1.840600000000000014e+00,2.336899999999999977e+00,-1.388999999999999957e-01,6.083100000000000174e-01,1.210900000000000087e+00,-5.044699999999999740e+00,-5.240800000000000125e+00,-2.475000000000000089e+00,-3.596699999999999786e+00
3.092200000000000060e+00,2.638100000000000112e+00,-1.032999999999999918e+00,-1.577299999999999924e+00,9.027500000000000524e-01,-1.987100000000000088e+00,-3.158300000000000107e+00,1.242499999999999938e+00,2.697700000000000098e-01,6.324100000000000277e-01,2.890099999999999891e+00,-3.433399999999999785e+00,-4.497900000000000231e-01,3.576600000000000001e+00,9.537600000000000522e-01
4.175600000000000200e+00,7.610500000000000043e+00,3.519000000000000128e+00,-1.261700000000000044e+00,5.570100000000000051e+00,-1.923999999999999932e+00,-1.689899999999999958e+00,2.587299999999999933e+00,2.480300000000000171e+00,5.799600000000000311e-01,-4.130599999999999827e-01,-1.808700000000000030e-01,2.473700000000000010e+00,3.216600000000000126e+00,2.930600000000000094e+00
1.493900000000000006e+00,2.900599999999999845e+00,5.186299999999999591e-03,3.741400000000000059e+00,1.687999999999999945e+00,2.758199999999999985e+00,-3.751999999999999780e-01,-1.087399999999999922e+00,5.774299999999999988e-01,7.986100000000000421e-01,-2.534400000000000208e+00,-2.986199999999999966e-01,-3.809600000000000097e+00,-7.297799999999999621e+00,-1.886800000000000033e+00
-1.700299999999999923e+00,-3.835799999999999876e+00,-4.816399999999999793e+00,1.036000000000000032e+00,-8.811600000000000543e-01,1.459699999999999998e+00,3.972100000000000186e+00,-3.033500000000000085e+00,-3.051499999999999879e+00,3.211600000000000010e-01,-2.885400000000000187e+00,-3.226399999999999935e+00,-1.291700000000000070e+00,-4.449099999999999611e+00,-3.571000000000000174e+00
-3.888599999999999834e+00,-2.367300000000000182e+00,-9.909999999999999920e-01,-2.575100000000000167e-01,-1.976299999999999946e+00,-1.927300000000000013e+00,3.629999999999999893e+00,-2.072900000000000187e+00,-3.973499999999999810e-01,-7.424300000000000344e-01,4.812400000000000011e-01,2.279999999999999805e+00,7.103699999999999459e-01,-3.994800000000000018e-01,-7.218999999999999861e-01
-1.811099999999999932e+00,1.428900000000000059e+00,1.162400000000000100e+00,4.835700000000000109e+00,1.004199999999999982e+00,-4.349499999999999922e+00,-1.492599999999999927e+00,1.393599999999999950e+00,4.457900000000000418e+00,1.605399999999999938e+00,-1.552400000000000002e+00,4.072199999999999598e+00,3.868599999999999817e+00,3.695800000000000196e+00,3.055499999999999883e+00
-5.581700000000000550e-01,3.670900000000000052e+00,4.473499999999999588e+00,4.957600000000000229e+00,9.772899999999999920e-01,-1.329399999999999915e+00,-3.283399999999999874e+00,1.809399999999999897e+00,3.477199999999999847e+00,5.709100000000000286e-01,-5.709399999999999892e-02,7.207999999999999963e-01,4.609600000000000364e+00,2.544200000000000017e+00,9.425799999999999734e-01
4.014100000000000307e-02,1.317299999999999915e+00,1.788200000000000012e+00,1.287400000000000100e+00,5.798600000000000421e-01,8.289100000000000634e-02,-1.971700000000000008e+00,-1.946900000000000075e+00,-3.150900000000000034e+00,3.840199999999999864e-02,-9.229899999999999771e-01,2.469399999999999928e-01,-1.703500000000000014e+00,-3.895300000000000207e+00,3.154799999999999965e-02
