-4.101299999999999946e-01,-1.699999999999999956e+00,-2.471600000000000019e+00,-5.340099999999999847e-01,-2.646199999999999886e+00,-1.590100000000000069e+00,-2.173399999999999999e+00,-3.550600000000000200e+00,-3.015200000000000102e+00,-3.140000000000000124e+00,-8.787599999999999856e-01,-2.343500000000000139e+00,-3.775300000000000100e+00,-3.157999999999999918e+00,-3.876399999999999846e+00
-1.077800000000000091e+00,-1.065499999999999892e+00,2.570700000000000068e-02,1.965700000000000003e+00,-1.506199999999999983e+00,-8.269200000000000161e-02,-5.894599999999999840e-01,-4.224100000000000077e-01,-1.283600000000000074e+00,-3.193999999999999950e+00,-4.147700000000000276e-01,1.424099999999999921e+00,7.808399999999999785e-01,1.656400000000000095e+00,-4.350200000000000178e-01
7.171499999999999542e-01,-1.301399999999999890e+00,8.619599999999999485e-01,-1.066500000000000004e+00,-8.948300000000000143e-01,-4.256199999999999983e-01,-1.797400000000000109e+00,-2.235100000000000087e+00,2.748499999999999943e+00,1.208800000000000013e-01,2.259599999999999831e+00,6.163100000000000023e+00,3.957699999999999996e+00,2.422699999999999854e+00,2.385499999999999954e+00
-1.844699999999999951e-01,-8.020599999999999952e-01,-1.294099999999999973e-01,1.423699999999999966e+00,3.390099999999999891e+00,-1.693200000000000038e+00,4.483599999999999808e-01,1.039800000000000058e+00,-1.792499999999999982e+00,1.345299999999999940e+00,3.896599999999999842e+00,2.374099999999999877e+00,2.591899999999999760e-01,4.208600000000000119e-01,3.703300000000000036e+00
-1.292799999999999949e+00,1.503500000000000059e+00,9.709099999999999675e-02,-2.455400000000000027e+00,6.017599999999999616e-01,-9.003200000000000092e-01,1.109799999999999953e-01,4.361300000000000177e-01,-7.840899999999999537e-01,2.983499999999999819e+00,-5.176199999999999690e-01,-1.753300000000000081e+00,-2.221200000000000063e+00,-2.726199999999999957e+00,-2.323800000000000032e-01
-1.863900000000000001e-01,1.585099999999999953e+00,1.745400000000000063e+00,-1.548699999999999966e+00,-2.460999999999999854e+00,-9.568999999999999728e-01,2.434200000000000141e+00,1.388800000000000034e+00,-8.491600000000000259e-01,-1.229300000000000059e+00,-3.467200000000000060e+00,-4.710300000000000153e+00,4.225200000000000067e-01,5.837200000000000027e-02,-1.475200000000000067e+00
7.167799999999999727e-01,7.087799999999999656e-01,1.178399999999999892e+00,-1.689500000000000002e+00,2.294500000000000206e+00,-2.083200000000000163e+00,2.225099999999999856e+00,1.164400000000000102e+00,-2.459399999999999920e-01,1.034399999999999986e+00,8.306499999999999995e-01,-8.204000000000000181e-01,-7.676100000000000145e-01,1.413499999999999979e+00,-4.086100000000000149e-02
-4.490799999999999792e-01,-1.319099999999999995e-01,2.086699999999999999e+00,8.986600000000000144e-01,3.206500000000000128e+00,-1.264699999999999991e-01,-2.555899999999999839e+00,3.687100000000000044e+00,2.038800000000000168e+00,3.363599999999999923e+00,7.351600000000000357e-01,-1.822000000000000064e+00,2.773400000000000087e+00,-2.266199999999999992e+00,-3.055599999999999983e-01
-7.068699999999999983e-01,-1.206600000000000034e-01,2.360500000000000043e+00,8.036299999999999555e-01,-1.971700000000000119e-01,1.869899999999999896e+00,-2.183699999999999974e+00,3.435400000000000009e+00,1.988799999999999901e+00,2.708099999999999952e+00,2.389200000000000212e+00,7.231600000000000354e-03,2.136400000000000077e+00,2.567800000000000082e+00,1.201300000000000034e+00
-1.572199999999999986e-01,2.378399999999999959e-01,-1.684399999999999897e+00,-1.886600000000000055e+00,-9.863899999999999890e-01,2.319900000000000073e+00,4.417900000000000382e+00,1.421200000000000019e+00,2.862400000000000055e+00,-5.793899999999999606e-01,1.752999999999999892e+00,3.275199999999999889e+00,2.446299999999999863e-01,2.985100000000000087e+00,-3.410599999999999743e-01
5.054100000000000037e+00,6.345399999999999929e-01,-2.244200000000000195e+00,4.511899999999999800e-01,2.968300000000000161e+00,2.959999999999999964e+00,5.857400000000000162e+00,-4.591300000000000242e-02,1.114200000000000079e+00,-9.692300000000000360e-01,-2.510099999999999998e+00,-1.990300000000000125e-01,-2.509799999999999809e+00,-1.800300000000000011e+00,-1.746399999999999952e+00
4.707699999999999996e+00,3.283999999999999808e+00,9.855099999999999971e-01,3.395399999999999974e+00,2.459200000000000053e+00,1.191699999999999982e+00,-1.355599999999999916e+00,-5.280299999999999994e-01,9.441699999999999537e-01,-4.388799999999999923e-01,-4.246199999999999974e+00,-3.512199999999999989e+00,-1.227600000000000025e+00,-1.065700000000000092e+00,-9.008899999999999686e-01
-1.447699999999999987e+00,4.208599999999999675e+00,6.698499999999999455e-01,-2.246299999999999963e-01,-1.607199999999999962e+00,-5.089599999999999680e-01,-1.098500000000000032e+00,4.236099999999999866e-01,2.840700000000000003e+00,7.852500000000000036e-01,-3.993499999999999828e-01,-7.630200000000000315e-01,4.693700000000000094e-01,-1.105399999999999938e+00,-1.687200000000000033e+00
-2.084600000000000009e+00,2.524099999999999788e+00,4.200999999999999734e-01,8.293699999999999684e-02,-4.943100000000000271e+00,3.945500000000000007e+00,2.207399999999999807e+00,2.319799999999999862e+00,1.289600000000000080e+00,1.652300000000000102e+00,3.780499999999999972e+00,9.241599999999999815e-01,1.010799999999999921e+00,-1.923199999999999910e-01,1.986499999999999932e+00
-1.149899999999999922e+00,-2.621399999999999952e+00,5.189700000000000424e-01,3.020599999999999952e-01,-7.233800000000000230e-01,1.819399999999999906e+00,3.112099999999999866e+00,-5.305900000000000061e-01,1.478599999999999914e-01,-8.395099999999999785e-01,1.905900000000000094e-01,-1.272000000000000020e+00,1.135099999999999998e+00,-2.738199999999999967e+00,-4.836599999999999788e-01
1.049500000000000099e+00,6.744499999999999940e-01,1.693699999999999983e+00,2.324600000000000222e+00,2.207899999999999863e-01,-3.554199999999999804e+00,-3.404100000000000126e+00,-4.932900000000000063e-01,-1.347599999999999909e+00,-3.410400000000000098e+00,-3.649300000000000210e+00,-9.882800000000000473e-01,7.040399999999999991e-01,-1.305999999999999939e-01,5.669699999999999740e-01
1.406099999999999905e+00,-5.057300000000000129e-01,-6.968400000000000150e-01,-1.794000000000000039e+00,-1.130600000000000049e+00,4.946200000000000041e-01,-4.435500000000000220e+00,1.422100000000000031e-01,-2.509399999999999964e-01,2.199199999999999822e+00,-3.330200000000000049e+00,-1.279500000000000082e+00,6.319900000000000517e-02,1.793099999999999916e+00,-1.902199999999999891e+00
-1.179699999999999971e+00,-2.329400000000000137e+00,-1.597099999999999964e+00,2.295699999999999963e-01,-1.545900000000000052e+00,-4.217699999999999783e-01,-1.363499999999999934e+00,-4.368400000000000283e+00,-3.158399999999999874e+00,-2.374099999999999877e+00,-4.372800000000000020e-01,1.312300000000000022e+00,4.212299999999999933e-01,2.773699999999999832e+00,2.340199999999999836e+00
-9.330899999999999750e-01,-2.843399999999999928e+00,-4.379100000000000215e-01,-3.665200000000000125e-01,7.460799999999999654e-01,9.267600000000000282e-01,-5.276300000000000434e-01,-4.482300000000000395e+00,-4.006300000000000416e+00,-1.525199999999999889e+00,2.955000000000000071e+00,1.358899999999999997e+00,-7.910000000000000364e-01,2.181900000000000173e+00,1.063199999999999923e+00
-3.012599999999999945e+00,8.186600000000000543e-01,-3.506299999999999972e+00,-1.101299999999999946e+00,-1.432399999999999896e+00,-1.614500000000000046e+00,-2.043600000000000083e+00,-2.663600000000000190e+00,-3.120800000000000018e+00,-4.300699999999999967e+00,3.620999999999999996e+00,1.162300000000000111e+00,-4.117200000000000415e+00,7.193300000000000249e-01,3.005100000000000104e+00
-1.053700000000000081e+00,-1.098999999999999977e+00,-1.052999999999999936e+00,3.785000000000000142e+00,1.426600000000000090e-01,1.623399999999999954e+00,2.434899999999999842e+00,1.264899999999999913e+00,-1.788300000000000001e+00,9.179100000000000037e-01,1.721200000000000160e-02,-2.572999999999999732e-01,2.603400000000000158e+00,2.262700000000000156e+00,1.753800000000000026e+00
8.901400000000000423e-01,-1.550499999999999989e+00,-9.148899999999999810e-01,-8.427099999999999591e-01,-1.144700000000000023e-01,6.029099999999999682e+00,2.192499999999999893e+00,9.106199999999999850e-01,1.826300000000000034e+00,3.227899999999999991e+00,-3.617500000000000160e+00,-1.225200000000000067e+00,1.680399999999999894e+00,2.058399999999999785e+00,3.902600000000000069e+00
1.456299999999999928e+00,-1.072000000000000064e+00,-2.303700000000000081e+00,-2.803999999999999826e+00,7.203500000000000458e-01,3.720899999999999874e+00,-1.134800000000000031e+00,1.004499999999999976e-01,-5.822000000000000508e-01,4.419899999999999940e-01,-2.944900000000000073e+00,3.451900000000000190e+00,3.211100000000000065e-02,-1.159000000000000030e+00,-1.739999999999999880e-01
2.052299999999999791e+00,6.147700000000000387e-01,-5.755899999999999905e-02,-8.715900000000000036e-02,1.093199999999999950e+00,-1.587699999999999889e+00,-9.374200000000000310e-01,-2.650399999999999867e+00,-7.771299999999999875e-01,-1.473500000000000032e+00,-1.840000000000000080e+00,2.345200000000000173e+00,-1.782499999999999973e+00,-1.763200000000000101e+00,-5.444300000000000139e+00
1.930399999999999894e-01,-1.596999999999999975e+00,-2.866999999999999993e+00,-2.093500000000000139e+00,2.127200000000000202e+00,-5.148299999999999876e+00,-1.142800000000000038e+00,-1.418099999999999916e+00,-3.064200000000000257e-01,2.539299999999999891e-01,2.079699999999999882e-01,2.985500000000000043e+00,-2.101300000000000168e+00,-9.543500000000000316e-01,-1.269300000000000095e+00
-3.401600000000000179e+00,-2.261800000000000033e+00,-1.847399999999999931e+00,-8.572899999999999965e-01,2.877899999999999903e+00,-9.578699999999999992e-01,3.257600000000000051e+00,-9.726900000000000546e-01,2.926499999999999879e+00,-1.635199999999999987e-01,3.973500000000000032e+00,-8.644899999999999807e-01,-2.746700000000000141e+00,-8.912700000000000067e-01,1.629099999999999993e+00
-9.541600000000000081e-01,-7.632999999999999785e-01,-2.498899999999999899e+00,7.432800000000000518e-01,2.844899999999999984e+00,4.017999999999999794e+00,4.409099999999999575e+00,1.716299999999999937e+00,5.140600000000000058e+00,2.946000000000000174e+00,-6.710700000000000554e-01,-2.048999999999999932e+00,-2.772800000000000153e+00,-2.380599999999999827e+00,3.169799999999999951e+00
6.982199999999999518e-01,7.636899999999999800e-01,-5.779800000000000493e-01,-4.040799999999999947e-01,9.035300000000000553e-01,2.212899999999999867e+00,5.644700000000000273e-01,-1.502000000000000002e+00,5.341500000000000137e-01,2.944900000000000073e+00,-2.306099999999999817e+00,-3.164499999999999869e+00,-7.065399999999999459e-01,-3.056500000000000217e+00,-1.916400000000000103e+00
4.081900000000000084e+00,1.500499999999999945e+00,-8.082899999999999530e-01,3.686599999999999877e+00,1.748499999999999943e+00,1.462400000000000089e-01,-1.104000000000000092e+00,4.186699999999999866e-01,-1.642600000000000060e+00,4.754900000000000099e-02,3.806799999999999962e+00,1.714199999999999946e+00,-2.078299999999999870e-01,-2.225499999999999812e+00,-4.098099999999999632e+00
3.784699999999999953e+00,2.170300000000000118e+00,1.201799999999999952e-01,2.984500000000000153e+00,-1.157999999999999918e+00,-6.475299999999999834e+00,-3.442699999999999871e+00,2.206900000000000084e+00,-1.527300000000000102e+00,-9.979900000000000437e-01,1.096300000000000052e+00,2.036900000000000155e+00,1.883899999999999908e+00,1.772100000000000009e+00,-1.123199999999999976e+00
3.955799999999999872e-01,6.431599999999999540e-01,2.088400000000000034e+00,-2.698399999999999910e+00,-8.801900000000000279e-01,-9.583599999999999897e-01,1.001900000000000013e+00,1.686199999999999921e+00,2.264899999999999913e+00,3.191399999999999793e+00,-2.234700000000000131e+00,1.995000000000000107e+00,3.132600000000000051e+00,2.178399999999999892e+00,-2.044199999999999906e-01
-3.051200000000000134e+00,1.595599999999999907e+00,8.323600000000000443e-02,8.009500000000000508e-01,-2.578699999999999992e+00,-9.820600000000000440e-01,9.782200000000000617e-02,-7.565800000000000303e-01,-2.791199999999999792e-01,-1.084000000000000075e+00,-2.056400000000000006e+00,-8.036299999999999555e-01,4.202099999999999724e-01,2.363799999999999901e+00,-2.504500000000000060e-01
-1.624600000000000044e+00,-2.145999999999999908e+00,-4.324100000000000166e-01,1.458800000000000097e+00,-1.144900000000000029e+00,1.732499999999999929e+00,-2.867900000000000116e+00,-1.919200000000000017e+00,1.332600000000000007e+00,-9.443599999999999772e-01,-1.615599999999999925e+00,-5.621599999999999930e+00,-5.401799999999999713e+00,-1.693300000000000027e+00,-2.974800000000000111e+00
2.288699999999999901e-01,2.058899999999999952e+00,-2.972000000000000197e-01,-4.172199999999999798e-01,-3.691499999999999782e-01,-2.256400000000000183e+00,-3.677299999999999791e+00,-1.550200000000000022e+00,-7.084700000000000442e-01,-3.461100000000000065e+00,2.976300000000000057e-01,-4.374900000000000233e+00,-2.760099999999999998e+00,-4.933399999999999785e+00,-2.257899999999999796e+00
3.717800000000000271e-02,4.038900000000000268e-01,3.431299999999999795e+00,1.272999999999999909e+00,2.086500000000000021e+00,-4.813100000000000378e+00,1.741000000000000103e+00,2.083099999999999952e+00,4.842900000000000205e+00,-1.831099999999999950e+00,-6.012999999999999456e-01,-2.802700000000000191e+00,2.453299999999999925e-02,-6.050400000000000222e-01,-4.488199999999999967e-01
-3.460300000000000153e+00,-1.157100000000000017e+00,1.132600000000000051e+00,-2.819399999999999906e+00,2.067299999999999915e+00,-1.449799999999999978e+00,3.409600000000000186e+00,2.259999999999999787e+00,3.046300000000000008e+00,1.881499999999999950e+00,-1.072000000000000064e+00,-1.410500000000000087e+00,1.227200000000000069e+00,-3.589700000000000113e+00,5.554400000000000309e-02
-1.484399999999999942e+00,9.326900000000000190e-01,5.784799999999999942e-01,1.080000000000000071e+00,4.084800000000000098e-01,-9.670999999999999597e-01,-1.393100000000000005e+00,2.177099999999999813e+00,-1.759800000000000031e+00,2.924799999999999844e+00,1.290100000000000025e+00,1.757700000000000040e+00,9.242099999999999760e-01,-2.040799999999999906e-02,-2.202599999999999891e+00
-9.759900000000000519e-02,-1.719700000000000006e+00,1.779099999999999904e+00,3.522299999999999986e+00,-2.937500000000000000e+00,-2.661700000000000177e+00,-5.072799999999999976e+00,-3.021999999999999797e+00,-3.149599999999999955e+00,1.502699999999999925e+00,1.846400000000000041e+00,-1.755700000000000038e-01,1.220099999999999962e+00,-2.949199999999999822e+00,2.981599999999999806e+00
-2.131200000000000205e+00,-1.295900000000000052e+00,3.104699999999999793e+00,2.195399999999999796e+00,-3.166300000000000114e+00,-8.918399999999999939e-03,-2.228200000000000180e+00,-1.319299999999999917e+00,-1.154199999999999893e+00,-6.984900000000000553e-01,1.556799999999999962e+00,3.999800000000000022e-01,3.416799999999999837e+00,1.680500000000000105e+00,-5.482500000000000151e-01
-2.736899999999999888e+00,-2.755599999999999827e+00,-7.083399999999999697e-01,-2.801099999999999923e+00,-2.360799999999999788e+00,6.782700000000000395e-01,8.471199999999999841e-01,-8.640999999999999792e-01,-1.939400000000000013e+00,-2.313699999999999868e+00,-1.239400000000000057e+00,-1.026799999999999935e+00,1.336300000000000043e+00,3.760800000000000143e+00,-1.716199999999999948e-01
-2.040299999999999780e+00,3.029899999999999816e-01,5.236600000000000144e+00,-2.209599999999999898e-01,-2.821800000000000086e+00,4.286100000000000243e+00,4.466700000000000115e-01,1.997599999999999931e-01,-6.014199999999999546e-01,-2.083299999999999930e+00,8.213899999999999535e-01,-3.133500000000000174e-01,4.108100000000000307e+00,3.548299999999999788e-01,3.311999999999999944e-01
-1.127900000000000014e-01,7.460400000000000365e-01,1.859499999999999931e+00,-2.058099999999999929e-01,-1.884600000000000053e+00,4.748800000000000243e-01,1.487900000000000000e+00,3.644899999999999807e+00,1.284699999999999953e+00,-6.894900000000000473e-01,1.243900000000000006e+00,-1.442600000000000104e+00,1.913200000000000012e+00,6.101299999999999779e-02,-8.051000000000000378e-01
-1.388200000000000101e+00,-2.634699999999999889e-02,-1.226399999999999935e+00,1.963799999999999990e+00,4.403800000000000381e+00,2.945100000000000051e+00,2.645900000000000141e+00,1.464299999999999935e+00,-7.691200000000000259e-01,-1.567000000000000060e-01,2.537700000000000067e+00,-2.015299999999999869e-01,-1.266499999999999959e+00,-2.831600000000000228e-01,-1.568500000000000005e+00
1.048499999999999988e-01,-4.732999999999999985e-01,-8.734399999999999942e-01,2.454400000000000137e+00,1.793099999999999916e+00,1.485400000000000054e+00,2.893299999999999761e-01,-1.145699999999999941e+00,-1.947799999999999976e+00,2.274199999999999999e+00,1.105199999999999960e+00,6.454499999999999682e-01,4.805699999999999972e-01,-1.659899999999999931e+00,3.570900000000000185e-01
-9.877800000000000469e-02,5.556400000000000228e-01,-6.500700000000000367e-01,-3.440900000000000070e+00,5.613200000000000411e-01,3.874400000000000066e-01,1.692199999999999926e+00,2.695600000000000218e+00,1.192099999999999937e+00,-2.467100000000000126e-01,2.119800000000000129e+00,3.195300000000000029e+00,2.216899999999999871e+00,3.972599999999999909e+00,2.745899999999999785e+00
8.530200000000000005e-01,-1.325700000000000101e+00,-2.677599999999999980e+00,-5.405499999999999972e+00,1.604200000000000070e+00,-4.725799999999999557e+00,2.584700000000000220e+00,4.110699999999999577e+00,1.242199999999999971e+00,-1.668400000000000105e+00,4.908000000000000362e+00,3.834200000000000053e+00,2.686999999999999833e+00,3.306200000000000028e+00,3.850699999999999790e+00
2.971900000000000208e+00,4.984199999999999742e-02,2.997500000000000164e-02,3.568600000000000105e-01,-1.741400000000000059e+00,-4.350600000000000023e+00,-1.181000000000000050e+00,6.954000000000000181e-01,-1.736399999999999944e+00,-3.489700000000000024e+00,3.086500000000000021e+00,1.750899999999999901e+00,-3.708699999999999886e+00,-5.795500000000000096e-01,1.279099999999999904e+00
1.369499999999999884e-01,1.890600000000000058e+00,1.065699999999999981e-01,4.469899999999999984e+00,-1.051399999999999890e+00,3.207400000000000251e-01,-4.817299999999999915e-01,-2.094700000000000006e+00,1.746899999999999897e+00,-7.448599999999999666e-01,-3.676800000000000068e+00,1.340600000000000014e+00,-1.991000000000000103e+00,-3.965599999999999792e+00,-2.970400000000000151e+00
8.522100000000000231e-01,3.107299999999999951e+00,1.682900000000000063e+00,-1.419499999999999929e-01,-2.030499999999999972e+00,4.261400000000000077e+00,2.199399999999999800e+00,2.353299999999999947e+00,4.387699999999999712e+00,1.865899999999999892e+00,-4.154499999999999638e+00,-1.394500000000000073e+00,3.274500000000000188e-01,-3.723500000000000143e-01,-6.894599999999999618e-01
-1.863400000000000056e-01,2.611499999999999932e+00,9.003499999999999837e-01,-5.957399999999999807e+00,-4.031200000000000117e+00,1.542799999999999949e+00,-3.224199999999999844e-01,1.889100000000000001e+00,3.025900000000000034e+00,1.311399999999999899e+00,-2.203800000000000203e+00,-3.739799999999999791e-01,3.646100000000000119e+00,3.452100000000000168e+00,3.815900000000000070e+00
1.484399999999999942e+00,-1.561099999999999932e+00,9.575000000000000178e-01,-2.348399999999999821e+00,-2.940999999999999837e+00,-9.812300000000000189e-02,-2.939400000000000013e+00,-1.712099999999999955e+00,-8.737200000000000522e-01,1.128600000000000048e+00,1.064999999999999974e-01,1.203999999999999959e+00,7.331199999999999939e-01,2.962099999999999955e+00,3.562100000000000044e+00
7.581800000000000317e+00,-5.457800000000000429e-01,-9.946099999999999941e-01,4.330499999999999794e+00,-1.206599999999999895e+00,-2.314799999999999969e+00,-9.860099999999999421e-02,-4.172399999999999665e+00,-3.417100000000000137e-01,-1.960800000000000098e+00,-2.220299999999999940e+00,8.171599999999999975e-01,-7.170900000000000052e-01,-1.368100000000000094e+00,-6.441999999999999948e-01
1.014699999999999935e+00,6.879199999999999759e-01,4.115100000000000008e-03,3.352599999999999802e+00,4.871299999999999741e+00,1.770599999999999952e+00,3.025799999999999823e+00,-1.783300000000000107e+00,-4.567100000000000048e-01,5.314499999999999780e-01,2.343399999999999928e+00,3.209700000000000220e+00,-2.617599999999999927e-01,-2.201400000000000023e+00,4.591600000000000126e-01
-7.875499999999999723e-01,-3.443700000000000094e-01,-2.626900000000000068e-02,-2.771000000000000130e-01,1.751200000000000090e+00,-1.428800000000000070e+00,-4.379999999999999893e+00,2.653799999999999937e+00,-4.989099999999999646e+00,-2.168899999999999828e+00,4.898799999999999821e-01,-3.844899999999999984e-01,-8.855399999999999938e-01,-4.405999999999999917e-01,-7.526500000000000412e-01
3.193199999999999927e-01,3.404900000000000038e+00,2.311999999999999833e+00,1.237999999999999934e-01,-1.578899999999999970e+00,-3.211399999999999810e+00,-2.243300000000000072e+00,-1.197699999999999987e+00,-1.201300000000000034e+00,-5.814099999999999824e-01,-3.448200000000000154e-01,6.085100000000000231e-02,-1.329700000000000104e+00,2.304299999999999959e-01,-1.672600000000000087e+00
6.248000000000000220e-01,2.265600000000000114e-01,1.361399999999999944e+00,1.350500000000000034e+00,8.175200000000000244e-01,-2.106699999999999962e-01,-1.282299999999999995e+00,-2.822799999999999976e+00,-2.641300000000000203e+00,-3.594500000000000028e+00,-9.867899999999999450e-01,4.021399999999999628e-03,-2.868799999999999795e+00,5.167099999999999582e+00,-7.279800000000000160e-02
-1.700200000000000045e-01,-2.474299999999999944e+00,-1.951300000000000034e+00,-3.718700000000000117e+00,-2.145099999999999785e+00,1.798999999999999932e+00,1.628100000000000103e+00,-3.359599999999999920e+00,-1.173000000000000043e+00,8.562899999999999956e-01,-9.321000000000000396e-01,-1.012299999999999978e+00,-2.841600000000000126e+00,1.152200000000000030e-01,-4.007600000000000051e-01
-6.058299999999999796e-01,-2.223800000000000221e+00,-2.354600000000000026e+00,-2.459200000000000053e+00,-3.475900000000000212e+00,-2.699699999999999989e+00,-9.892699999999999827e-01,-2.010899999999999910e+00,-2.820399999999999796e+00,2.323599999999999888e+00,-1.484599999999999920e+00,1.696900000000000075e+00,-2.702800000000000202e-01,-3.481300000000000061e+00,-3.344500000000000028e+00
-2.191700000000000037e-01,-5.488100000000000200e-01,-9.363299999999999401e-02,4.497700000000000031e-01,8.891900000000000359e-01,-1.900800000000000045e+00,-8.511900000000000022e-02,-1.761500000000000066e+00,-3.720000000000000195e+00,-1.770699999999999941e+00,2.291700000000000070e+00,3.704800000000000093e+00,-2.463600000000000012e+00,-1.618300000000000072e+00,-4.573699999999999988e-01
-1.411900000000000099e-01,-1.686100000000000099e-01,-1.773500000000000076e-01,2.601299999999999724e-01,-8.821900000000000297e-01,-5.214800000000000546e-01,5.046100000000000030e+00,1.612000000000000099e+00,-2.467000000000000082e+00,-3.042100000000000026e+00,-1.066899999999999959e+00,3.136499999999999844e+00,2.929899999999999949e+00,-8.036999999999999700e-01,2.334000000000000075e+00
5.424000000000000377e+00,7.142699999999999605e-01,-1.706399999999999917e+00,-7.025100000000000122e+00,2.679100000000000037e+00,-2.651100000000000012e+00,4.736500000000000377e+00,3.564799999999999969e+00,-1.913799999999999946e+00,-1.311399999999999899e+00,-1.143799999999999928e+00,3.014100000000000001e+00,1.585199999999999942e+00,7.647899999999999698e-01,4.037399999999999878e+00
4.674999999999999822e+00,1.115099999999999980e+00,1.498599999999999932e+00,-1.442700000000000093e+00,6.280300000000000438e+00,-6.895400000000000418e-01,8.104599999999999582e-01,3.466699999999999782e-01,-9.164799999999999613e-01,-1.252000000000000002e+00,-3.310799999999999854e-01,-1.189300000000000024e+00,2.081900000000000084e+00,3.072199999999999931e-02,1.446399999999999908e+00
3.182900000000000063e+00,-1.360100000000000087e+00,3.154700000000000060e+00,-9.199000000000000510e-01,4.151900000000000368e+00,5.098700000000000010e+00,-1.096100000000000074e+00,1.420299999999999896e+00,-6.979300000000000503e-01,2.254799999999999915e+00,3.883399999999999963e+00,-1.319199999999999928e+00,-2.324399999999999800e+00,2.098899999999999988e+00,1.080300000000000038e+00
2.473599999999999799e+00,-5.660199999999999676e-01,-5.480800000000000255e-02,-1.166600000000000081e+00,-6.424499999999999655e-01,1.469600000000000017e+00,-4.708700000000000108e-01,-1.046899999999999942e+00,-2.047899999999999832e+00,2.254999999999999893e+00,1.473899999999999988e+00,-3.321299999999999919e+00,-9.171700000000000408e-01,4.842800000000000438e+00,2.375500000000000111e-01
-1.225400000000000045e+00,-1.006299999999999972e+00,-1.423899999999999944e+00,-1.562699999999999978e+00,-1.739300000000000068e+00,-4.974699999999999955e-02,-3.464900000000000091e+00,-1.802300000000000013e+00,1.032599999999999962e+00,4.646100000000000230e-01,-5.618699999999999806e-01,-2.948599999999999888e+00,4.858299999999999841e-01,3.473100000000000076e+00,7.813499999999999612e-02
-7.834400000000000253e-01,2.012199999999999989e+00,-1.683799999999999963e+00,9.704000000000000403e-01,-4.510799999999999810e-01,2.624200000000000088e+00,1.083399999999999919e+00,-4.556200000000000250e-01,2.499699999999999978e-01,4.579500000000000348e+00,3.544999999999999929e+00,1.516999999999999904e+00,1.014000000000000012e+00,-2.112600000000000033e+00,4.681699999999999751e-01
-1.550100000000000033e+00,6.081600000000000339e-01,-1.687099999999999989e-01,-1.106200000000000072e+00,-1.427799999999999958e+00,4.035000000000000142e+00,3.922999999999999821e-01,-2.090700000000000058e-01,1.344500000000000028e+00,4.431700000000000195e+00,9.020599999999999730e-01,1.101699999999999902e+00,-7.562699999999999978e-01,-2.661399999999999988e+00,-2.547200000000000131e+00
-3.644099999999999895e+00,-3.993399999999999839e+00,-5.285999999999999588e-01,4.352199999999999847e+00,-3.278200000000000003e+00,3.057900000000000063e+00,9.936699999999999700e-02,1.318599999999999994e+00,1.686099999999999932e+00,3.385400000000000187e+00,-2.901400000000000201e+00,1.638999999999999901e-01,5.524999999999999911e-01,1.167100000000000026e+00,-2.794299999999999784e+00
-7.361600000000000144e+00,-4.245499999999999829e-01,-1.863599999999999923e+00,3.161700000000000177e+00,2.022699999999999942e+00,-3.559700000000000086e-01,-4.456800000000000317e+00,-1.435000000000000053e+00,2.963000000000000078e+00,1.643799999999999928e+00,-1.308799999999999963e-01,-3.261800000000000033e+00,-2.599899999999999878e+00,3.767499999999999738e-01,-2.280499999999999972e+00
-3.944700000000000095e+00,-2.028700000000000170e+00,2.737800000000000011e+00,-7.882400000000000517e-02,-7.134700000000000486e-01,-4.058900000000000396e+00,-2.876900000000000013e+00,1.624600000000000044e+00,1.133099999999999996e+00,-2.913100000000000023e+00,-8.544699999999999518e-01,-1.767900000000000027e-01,2.543499999999999872e+00,5.467999999999999527e-01,2.541500000000000092e+00
-6.570700000000000429e-01,-1.505900000000000016e-01,2.770599999999999952e+00,3.526500000000000190e-01,8.810000000000000053e-01,-1.710599999999999898e+00,-3.953400000000000247e-01,-1.044799999999999951e+00,2.298700000000000188e+00,-3.529599999999999849e+00,-3.711300000000000043e+00,-2.329400000000000137e+00,1.500899999999999901e+00,-6.971699999999999564e-01,1.494099999999999984e+00
-1.291500000000000092e+00,2.410799999999999887e-01,3.835200000000000276e-01,-6.126800000000000024e-01,-7.184599999999999875e-01,-1.124500000000000055e+00,-1.463000000000000078e+00,3.420100000000000223e-02,8.846899999999999764e-01,-1.706399999999999917e+00,-3.853199999999999958e-01,5.551399999999999668e-01,-1.150800000000000045e+00,-1.433100000000000041e+00,-2.077100000000000168e+00
-3.625399999999999956e+00,4.611100000000000199e-01,1.404600000000000071e+00,1.457300000000000040e+00,-2.396100000000000119e+00,-2.329099999999999948e+00,8.256000000000000005e-01,1.565600000000000103e+00,2.402099999999999902e+00,-3.111299999999999955e+00,-6.833500000000000130e-01,4.277099999999999791e-01,2.317899999999999849e+00,1.024899999999999922e+00,-2.627099999999999991e+00
-1.613799999999999901e+00,1.045500000000000096e+00,1.424199999999999910e+00,2.471099999999999852e+00,4.257400000000000073e-01,4.987099999999999866e-01,-9.638099999999999445e-01,4.022700000000000164e-01,3.327700000000000102e+00,-1.390300000000000091e+00,-1.575099999999999945e+00,-1.866400000000000003e-01,3.071099999999999941e+00,1.454299999999999926e+00,-2.406600000000000072e+00
-2.297200000000000131e+00,3.532500000000000195e+00,1.324600000000000000e+00,2.634599999999999831e+00,5.425699999999999967e-01,5.375299999999999523e-01,-1.289099999999999913e+00,8.975400000000000045e-01,4.545700000000000074e+00,4.957599999999999785e-01,6.039200000000000124e-01,-2.967999999999999972e+00,8.299199999999999633e-02,2.129300000000000082e-01,-3.815700000000000203e-01
-9.496200000000000196e-01,-3.292900000000000271e-01,-1.087299999999999933e+00,-1.234900000000000109e+00,1.543899999999999995e-01,3.312300000000000244e-01,1.608000000000000096e+00,-3.733800000000000313e-02,1.460099999999999953e+00,2.757200000000000206e-01,-1.689999999999999947e+00,7.213100000000000067e-02,-2.398600000000000065e+00,-2.138300000000000090e+00,1.067800000000000082e+00
-2.820899999999999963e+00,-2.907000000000000028e+00,-6.558099999999999596e+00,-3.472100000000000186e+00,2.949199999999999822e+00,5.512100000000000222e+00,3.508599999999999941e+00,-3.986100000000000199e-01,-2.666700000000000070e+00,-1.261099999999999999e-01,-3.554499999999999882e-01,1.036999999999999922e+00,-3.203500000000000014e+00,-3.306999999999999940e+00,-2.422299999999999898e+00
3.242200000000000082e-01,-3.931000000000000050e-01,-6.653999999999999915e+00,3.313699999999999979e-01,2.006800000000000139e+00,3.907399999999999984e+00,4.317599999999999660e+00,9.803100000000000147e-01,1.507500000000000062e+00,3.308199999999999807e+00,3.935600000000000209e-01,-2.947000000000000064e+00,-9.677799999999999736e-01,-1.682299999999999907e+00,-1.429300000000000015e-01
8.577299999999999924e-01,-1.746699999999999919e+00,-2.822900000000000187e+00,-1.808000000000000052e+00,-1.862600000000000033e+00,2.715100000000000069e+00,5.508200000000000429e+00,4.549800000000000288e+00,2.205799999999999983e+00,2.636000000000000121e+00,2.940900000000000181e-01,-5.031600000000000072e+00,1.150300000000000100e+00,1.908500000000000085e+00,1.596400000000000041e+00
-1.131599999999999939e+00,1.585100000000000120e-01,-4.504900000000000015e-01,2.382299999999999862e+00,1.259700000000000042e+00,8.339699999999999891e-01,5.335800000000000542e-01,1.278599999999999959e+00,9.100099999999999856e-01,1.428399999999999892e+00,1.624100000000000099e+00,-4.292500000000000426e+00,3.362099999999999866e+00,6.228200000000000180e+00,1.421000000000000041e+00
8.851599999999999746e-02,-2.051899999999999835e+00,-1.332100000000000062e+00,5.859600000000000364e+00,1.802499999999999991e+00,-1.926900000000000002e-01,2.570600000000000218e+00,-4.260399999999999743e-01,-1.293400000000000105e+00,1.526299999999999990e+00,-1.936599999999999988e-01,-1.746599999999999930e+00,-1.880500000000000060e+00,-2.414699999999999847e+00,1.355199999999999960e+00
-7.234399999999999720e-01,7.595600000000000129e-01,-4.146399999999999864e+00,2.699500000000000011e+00,1.220399999999999929e+00,-2.279700000000000060e+00,2.031099999999999905e+00,-3.782399999999999984e+00,-2.055200000000000138e+00,-9.252599999999999714e-01,-1.796000000000000041e+00,1.945300000000000029e+00,-3.994499999999999940e+00,-3.777400000000000091e+00,-8.115999999999999603e-02
1.824500000000000011e-01,3.169199999999999795e-01,-1.921799999999999953e+00,-1.579900000000000082e+00,4.979399999999999937e-01,-1.710299999999999931e+00,-6.693100000000000271e+00,-3.382000000000000117e+00,-2.847599999999999909e+00,-8.581600000000000339e-01,2.429600000000000204e+00,2.062300000000000022e+00,1.087299999999999933e+00,6.376199999999999646e-01,-4.319999999999999951e-01
1.306400000000000006e+00,1.624300000000000049e-02,-2.044299999999999784e+00,-2.771799999999999820e+00,-5.002100000000000435e-01,-2.231100000000000083e+00,-3.516000000000000014e+00,-4.480700000000000238e-01,-5.201599999999999557e-01,2.588299999999999823e+00,5.648200000000000109e+00,2.725500000000000145e-01,-5.390899999999999581e-01,1.784999999999999920e+00,-9.754400000000000570e-02
4.138099999999999667e+00,1.445599999999999996e+00,6.265199999999999658e-01,-6.658199999999999674e-01,-1.520299999999999985e+00,-1.176399999999999890e+00,-6.416699999999999626e-01,2.185799999999999965e+00,2.728899999999999881e+00,1.847399999999999876e-01,4.129900000000000126e+00,8.863799999999999457e-01,8.605199999999999516e-01,-1.286299999999999999e+00,-3.054899999999999838e-01
2.678100000000000147e+00,2.109700000000000131e+00,1.604500000000000037e+00,-2.953399999999999803e+00,8.133299999999999974e-01,-1.088300000000000045e+00,2.233400000000000052e+00,-1.783899999999999930e-01,1.309099999999999930e+00,-3.099400000000000155e+00,1.178700000000000025e-01,-1.782899999999999929e+00,3.661699999999999955e-01,-1.263300000000000090e+00,-7.656500000000000528e-01
2.606799999999999784e+00,3.005700000000000038e+00,-1.160099999999999909e+00,-1.897699999999999942e+00,3.262100000000000000e-01,-5.645499999999999963e-01,1.983700000000000019e+00,-1.977200000000000069e-01,3.689799999999999747e-01,-2.268699999999999939e+00,-3.378099999999999881e+00,1.492799999999999905e+00,-1.394800000000000040e+00,-2.033500000000000085e+00,3.048299999999999899e-01
4.117000000000000104e-01,-1.856500000000000095e-01,-3.755100000000000104e+00,-6.247399999999999620e-01,-1.463300000000000045e+00,-1.484199999999999964e+00,-5.398799999999999599e+00,-1.778499999999999970e+00,-1.674800000000000066e+00,-1.426299999999999901e+00,-1.571900000000000075e+00,1.681000000000000050e+00,-5.020500000000000185e+00,-1.988799999999999901e+00,-9.632800000000000251e-01
4.074400000000000244e-02,1.973600000000000021e+00,-7.146700000000000275e-01,4.874299999999999855e+00,1.161499999999999977e+00,-3.614899999999999780e-01,-2.113799999999999901e+00,-2.443000000000000060e+00,1.405299999999999994e+00,1.666500000000000092e+00,7.100600000000000245e-01,-1.428899999999999962e-02,-4.633899999999999686e+00,-4.873499999999999943e+00,-4.153999999999999915e+00
1.028399999999999981e+00,1.935899999999999954e+00,9.949000000000000066e-01,3.715199999999999836e+00,2.153000000000000025e+00,1.290899999999999936e+00,2.309499999999999886e+00,-1.270599999999999952e+00,1.038000000000000034e+00,3.360700000000000021e+00,9.122099999999999653e-01,-1.324200000000000044e+00,-6.690700000000000536e-01,-2.721600000000000019e+00,-1.568500000000000005e+00
7.574199999999999822e-01,3.149399999999999977e-01,2.813099999999999934e+00,-1.480699999999999905e+00,2.648000000000000131e+00,1.383399999999999908e-01,2.209700000000000220e+00,4.960200000000000164e-01,1.052899999999999947e+00,2.697100000000000053e-01,9.878400000000000514e-01,-7.227700000000000236e-01,1.278000000000000025e+00,-2.379300000000000026e-01,-3.914300000000000002e-01
6.999300000000000521e-01,-8.442600000000000104e-02,4.927299999999999791e+00,-1.875900000000000067e-01,1.232599999999999918e+00,1.860800000000000010e+00,-1.937000000000000055e+00,1.891000000000000014e+00,-3.068999999999999950e+00,-3.987200000000000077e+00,-2.689700000000000202e+00,-8.832100000000000506e-01,2.293800000000000061e+00,-7.242800000000000349e-01,6.262999999999999678e-01
2.924399999999999888e+00,8.864300000000000512e-01,2.392199999999999882e+00,-6.156099999999999767e-02,-5.368300000000000294e-01,1.170800000000000063e+00,-3.982100000000000084e-01,2.217999999999999972e+00,3.034400000000000208e+00,-1.588400000000000034e+00,2.076799999999999979e+00,-1.304899999999999949e+00,3.442499999999999893e+00,1.142500000000000071e+00,-1.554999999999999959e-02
2.500599999999999934e+00,-1.552999999999999936e+00,1.105700000000000016e-01,3.709999999999999964e+00,3.494200000000000084e-02,-1.078699999999999992e+00,1.534999999999999976e-01,-8.747200000000000530e-01,2.514400000000000190e+00,4.540199999999999791e-01,-1.340999999999999970e+00,3.408999999999999808e-01,-1.465999999999999970e+00,-1.557999999999999940e-01,1.743200000000000083e+00
3.222100000000000186e+00,1.441699999999999982e+00,1.149000000000000021e+00,-2.004799999999999915e+00,8.847199999999999509e-02,-1.298599999999999977e+00,-3.735999999999999877e-01,-1.924199999999999910e+00,1.148500000000000076e+00,-1.028000000000000025e-01,-3.203899999999999970e+00,1.479200000000000070e+00,-1.565099999999999936e+00,3.313499999999999890e+00,8.796599999999999975e-01
2.834600000000000009e+00,9.247600000000000264e-01,1.975100000000000078e+00,-2.040900000000000158e+00,4.861400000000000166e-01,1.676399999999999890e+00,-3.556500000000000217e+00,-2.676899999999999835e+00,-2.371300000000000185e+00,-1.195999999999999952e+00,-3.446299999999999919e+00,1.385099999999999998e+00,-2.266599999999999948e+00,1.454299999999999926e+00,1.147000000000000020e+00
2.427299999999999791e+00,2.020599999999999952e+00,1.317099999999999937e+00,-9.159500000000000419e-01,-2.170399999999999885e+00,-8.069300000000000084e-02,-1.003200000000000092e+00,-2.401800000000000046e-01,-4.860899999999999999e+00,-2.464900000000000091e+00,2.600399999999999934e-01,6.961399999999999810e-01,-2.560400000000000009e+00,-3.571200000000000152e+00,-1.762799999999999923e+00
-9.381899999999999684e-01,-6.022300000000000431e-01,2.935799999999999965e+00,4.613999999999999879e+00,-2.169200000000000017e+00,-1.908700000000000119e-01,2.486000000000000210e+00,2.004300000000000193e+00,-9.069999999999999937e-03,-1.456399999999999917e+00,-1.581800000000000095e+00,-1.359499999999999931e+00,4.358600000000000030e+00,-7.081499999999999462e-01,-2.468399999999999928e+00
-4.856200000000000294e+00,-6.773400000000000531e-01,3.095699999999999896e+00,1.443500000000000005e+00,-1.155899999999999928e+00,4.146299999999999986e-01,5.533599999999999630e-01,-1.118100000000000094e+00,-9.488900000000000112e-01,-1.576699999999999990e+00,9.593899999999999650e-02,2.812600000000000211e+00,1.022799999999999931e+00,-4.058899999999999730e-01,-5.776299999999999768e-01
-1.917300000000000004e+00,-3.652799999999999936e-01,-1.578300000000000036e+00,-5.784299999999999997e+00,1.431400000000000006e+00,-4.183799999999999741e-01,-3.231599999999999806e+00,-9.999500000000000055e-01,2.000399999999999956e+00,-3.022000000000000242e-01,-1.796499999999999986e+00,4.041999999999999815e+00,1.977999999999999980e+00,3.037500000000000089e+00,2.534699999999999953e+00
-6.928800000000000514e-01,3.429499999999999993e+00,-5.277699999999999614e-01,-1.951000000000000068e+00,1.802400000000000113e-01,9.861600000000000366e-01,7.381400000000000183e-01,-3.959599999999999786e-01,-8.812699999999999978e-01,2.043699999999999850e+00,1.287300000000000111e-01,2.612400000000000055e+00,1.248499999999999943e+00,2.240800000000000125e+00,2.571499999999999897e+00
-1.760199999999999987e+00,8.120000000000000551e-01,6.007099999999999662e-01,-1.468599999999999905e+00,-3.921699999999999964e+00,6.069600000000000550e-01,1.261599999999999944e-01,-6.238899999999999446e-01,-2.508399999999999963e+00,-8.406700000000000284e-01,2.793000000000000149e+00,3.529300000000000104e+00,1.564500000000000002e+00,3.044200000000000017e+00,9.392899999999999583e-01
-7.434699999999999642e-01,-3.542199999999999793e+00,-1.109099999999999975e+00,-1.705200000000000049e+00,-4.035199999999999676e+00,4.959399999999999586e+00,1.983300000000000063e+00,1.381499999999999950e+00,-2.590500000000000025e+00,-3.438300000000000245e-01,2.031499999999999861e+00,-9.689699999999999980e-01,-3.285000000000000142e-01,-1.558599999999999985e+00,4.914299999999999918e-02
-7.348500000000000032e-01,-1.810799999999999965e+00,5.191400000000000181e-02,-3.076699999999999990e-01,4.375600000000000045e-01,4.470799999999999663e+00,6.437199999999999589e-01,1.147799999999999931e+00,-4.142199999999999882e+00,9.658999999999999808e-01,1.970599999999999907e+00,2.940199999999999925e+00,1.923499999999999988e+00,-3.187699999999999978e+00,4.973199999999999843e-01
-2.528900000000000148e+00,-2.558500000000000218e-01,9.584099999999999842e-01,2.311900000000000066e+00,-1.783199999999999896e+00,-2.741400000000000059e+00,5.912500000000000533e-01,1.710299999999999931e+00,-1.038300000000000001e+00,1.158600000000000074e+00,-1.173100000000000032e+00,1.112800000000000011e+00,3.341299999999999826e-01,-8.315099999999999714e-01,-3.269999999999999990e-02
1.060799999999999965e+00,-4.615900000000000003e-01,4.140100000000000335e+00,5.561200000000000365e+00,4.944500000000000006e-01,-2.446699999999999875e+00,3.852900000000000214e-01,5.134400000000000075e-01,-1.169399999999999995e+00,1.551900000000000057e+00,-2.250399999999999956e+00,-7.936999999999999611e-01,3.229200000000000070e+00,2.157099999999999795e+00,2.564999999999999947e+00
1.731800000000000006e+00,-8.058499999999999552e-01,3.813499999999999890e+00,1.149499999999999966e+00,1.002699999999999925e+00,-1.834300000000000042e+00,-3.158000000000000251e-01,1.028399999999999981e+00,-2.272200000000000220e+00,-8.216299999999999715e-01,-6.804900000000000393e-01,-1.633599999999999941e+00,7.684299999999999464e-01,1.246899999999999897e+00,2.099400000000000155e+00
2.316500000000000004e+00,-8.181599999999999984e-01,1.581599999999999895e+00,-1.353299999999999947e+00,1.943900000000000072e-01,7.861799999999999899e-01,1.003400000000000070e+00,2.230100000000000138e-01,2.951200000000000045e+00,1.757900000000000018e+00,-2.958100000000000174e-01,-1.014499999999999957e+00,1.882700000000000040e+00,1.056899999999999951e+00,-9.546599999999999531e-01
5.217500000000000249e+00,-1.467500000000000027e+00,4.753100000000000103e-01,4.151399999999999757e+00,1.802100000000000035e+00,2.996699999999999919e-01,8.504599999999999937e-01,2.016399999999999970e+00,4.459699999999999775e+00,1.552999999999999936e+00,-3.283800000000000052e-01,-2.082900000000000029e-01,2.304199999999999804e+00,1.157799999999999940e+00,-9.155499999999999750e-01
4.020099999999999785e-01,1.574300000000000033e+00,-1.346400000000000041e+00,2.724899999999999878e+00,8.888899999999999579e-01,2.700000000000000178e+00,1.336000000000000076e+00,2.082800000000000207e+00,4.814600000000000435e+00,2.357000000000000206e+00,6.685299999999999576e-01,-5.235800000000000232e+00,5.461200000000000498e-01,5.478199999999999736e-01,3.554100000000000037e+00
-2.008399999999999963e+00,-4.549199999999999910e-01,-1.411499999999999977e+00,-1.722399999999999931e+00,1.244799999999999907e+00,3.613999999999999879e+00,5.385799999999999699e+00,2.772699999999999942e+00,1.801900000000000057e+00,1.433000000000000052e+00,-8.258799999999999475e-01,-5.478900000000000325e+00,-9.265200000000000102e-01,-1.708599999999999897e+00,2.065799999999999859e+00
5.299000000000000377e-01,-1.118400000000000061e+00,-1.599900000000000100e+00,-6.378899999999999793e+00,-1.119499999999999940e+00,-4.002200000000000202e+00,1.931899999999999951e+00,-1.649599999999999955e+00,1.214699999999999891e+00,3.875300000000000189e+00,-1.528399999999999981e+00,-4.463599999999999568e+00,-3.372799999999999798e+00,-2.317899999999999849e+00,-9.538699999999999957e-02
-2.287399999999999878e+00,-1.383199999999999985e+00,1.771999999999999964e-01,-1.413699999999999957e+00,-4.740899999999999892e+00,-1.363799999999999901e+00,-2.701400000000000023e+00,4.170800000000000063e-01,8.087299999999999489e-01,-9.756799999999999917e-01,9.598400000000000265e-01,3.549599999999999977e-01,7.812299999999999800e-01,-1.514599999999999946e+00,-5.944399999999999684e-01
-3.935599999999999987e+00,-1.677699999999999969e+00,-5.960800000000000542e-01,2.114599999999999813e+00,-1.497100000000000097e+00,2.294099999999999806e+00,1.474900000000000100e+00,-2.536599999999999966e-01,-9.163099999999999579e-01,2.721799999999999997e+00,1.130400000000000071e+00,3.567499999999999893e+00,2.638599999999999834e+00,2.676699999999999857e+00,-1.039800000000000058e+00
-2.517199999999999882e+00,-9.249399999999999844e-01,-2.578399999999999803e+00,-2.773699999999999832e+00,-2.029799999999999827e+00,-1.349299999999999944e+00,2.183399999999999785e+00,-6.372999999999999776e-01,-1.920900000000000052e+00,6.176599999999999868e-01,1.157100000000000017e+00,4.276200000000000223e+00,1.589900000000000091e+00,3.376700000000000035e+00,-3.557700000000000085e+00
-1.567800000000000082e+00,2.327399999999999913e+00,2.818700000000000094e-01,-2.087400000000000144e+00,-2.241400000000000059e+00,-6.936200000000000143e-01,1.084600000000000009e+00,1.429599999999999982e+00,-1.673499999999999988e+00,-1.221999999999999975e+00,-4.295100000000000029e-01,-1.033800000000000052e+00,-1.969200000000000061e+00,5.444600000000000550e-01,-1.801500000000000101e+00
-1.703999999999999959e+00,2.287300000000000111e+00,-5.123799999999999466e-01,-2.310500000000000220e+00,5.454799999999999649e-01,-3.634399999999999853e+00,-4.131700000000000372e+00,-1.102800000000000002e+00,-4.213000000000000078e+00,-4.692199999999999704e+00,1.233800000000000008e+00,-1.744599999999999929e+00,-1.740099999999999980e+00,3.804299999999999904e-01,-2.661300000000000221e+00
-4.001199999999999757e-01,-1.484399999999999942e+00,-3.843100000000000183e+00,-7.756699999999999706e-01,2.741400000000000059e+00,-4.095900000000000096e-01,-1.042200000000000015e+00,-1.129199999999999982e+00,-6.600300000000000056e-01,-3.706100000000000172e+00,-4.271499999999999742e-01,-3.255700000000000038e+00,-3.559099999999999930e+00,-1.034100000000000019e+00,2.382000000000000117e+00
-1.653100000000000014e+00,-1.762599999999999945e+00,-3.134199999999999875e+00,-1.241700000000000026e+00,-2.527899999999999814e+00,3.681700000000000195e+00,2.351799999999999891e+00,-6.771200000000000552e-01,-3.053900000000000059e+00,-1.355699999999999905e+00,-6.672700000000000298e-01,9.834899999999999753e-01,-9.698799999999999644e-01,-2.766399999999999970e-01,3.110199999999999854e+00
-1.864399999999999946e-01,-2.348000000000000087e-01,-3.482299999999999951e+00,-6.589899999999999647e-01,-2.108099999999999863e+00,-3.082400000000000140e-01,-8.694499999999999451e-01,-1.951899999999999968e+00,-1.086600000000000010e+00,1.710800000000000098e-01,2.639200000000000212e+00,-9.573099999999999943e-01,3.166599999999999970e-01,8.150500000000000522e-01,3.383300000000000196e+00
-2.100400000000000045e+00,1.377099999999999991e-01,-2.212400000000000144e+00,5.240199999999999747e+00,1.575499999999999901e+00,1.046899999999999942e+00,1.585900000000000087e+00,-1.351499999999999924e+00,-1.580400000000000027e+00,-2.823399999999999799e-01,1.134500000000000064e+00,-1.660800000000000054e-01,2.763500000000000068e+00,3.027400000000000091e+00,1.992699999999999916e+00
3.525799999999999823e+00,-1.230499999999999927e+00,6.652500000000000080e-01,-1.839499999999999913e+00,3.200600000000000112e+00,-9.764800000000000146e-01,-2.692299999999999915e+00,1.700399999999999912e+00,-3.396100000000000230e-01,-1.654500000000000082e+00,1.287400000000000100e+00,-4.740199999999999969e-01,3.581599999999999784e-01,3.102700000000000014e+00,-2.529100000000000126e+00
8.735600000000000032e-01,-3.550499999999999989e+00,-4.449899999999999967e-01,-3.987099999999999866e+00,2.154199999999999893e+00,2.382499999999999896e-01,5.401099999999999790e-01,7.257799999999999807e-01,-6.756699999999999928e-01,1.080400000000000027e+00,4.250899999999999679e+00,5.492899999999999450e-01,-1.427699999999999969e+00,-1.176399999999999890e+00,-3.341899999999999871e+00
-1.658199999999999896e+00,-1.395599999999999952e+00,-1.044100000000000028e+00,5.020499999999999963e-01,1.528899999999999926e+00,-9.884699999999999598e-01,-1.044399999999999995e+00,2.325000000000000178e+00,2.186500000000000110e-01,8.018399999999999972e-01,1.814100000000000046e+00,1.588899999999999979e+00,2.501099999999999990e-01,-6.278599999999999737e-01,-2.192200000000000149e+00
-2.105599999999999916e+00,2.347399999999999931e+00,1.660099999999999909e+00,-1.290000000000000036e+00,1.530100000000000016e+00,-2.068200000000000038e+00,-1.977000000000000091e+00,1.032299999999999995e+00,2.685999999999999943e+00,2.047800000000000065e+00,-1.966399999999999926e+00,8.800499999999999989e-01,3.027400000000000091e+00,1.969899999999999984e+00,2.170100000000000140e+00
-5.601699999999999458e-01,4.319099999999999717e+00,3.481899999999999995e+00,3.262000000000000011e+00,-1.758199999999999985e+00,-4.544900000000000162e+00,2.575000000000000178e+00,8.405599999999999739e-01,4.060099999999999820e-01,-2.070899999999999963e+00,2.133400000000000019e-01,-4.969700000000000228e-01,2.449500000000000011e+00,7.906999999999999584e-01,3.042600000000000193e+00
-3.410500000000000198e-01,5.555099999999999483e-01,5.109499999999999709e+00,3.427299999999999791e+00,1.591199999999999948e+00,-7.415199999999999569e+00,-7.372499999999999609e-01,-1.350400000000000045e+00,5.091999999999999860e-01,-3.468799999999999883e+00,9.125400000000000178e-01,1.507500000000000062e+00,2.474299999999999944e+00,9.870100000000000540e-01,2.443099999999999827e+00
6.553900000000000281e-01,3.244400000000000062e-01,3.874000000000000110e+00,3.707599999999999785e-02,-2.520099999999999785e+00,-4.055500000000000327e+00,-3.088099999999999845e+00,-1.748199999999999976e+00,-1.150800000000000045e+00,-5.658300000000000551e-01,-8.467599999999999572e-01,1.805700000000000083e-01,-3.596999999999999975e+00,1.891499999999999959e+00,-3.300800000000000178e+00
-7.398099999999999676e-01,-2.760199999999999876e-01,-1.985100000000000087e+00,4.290399999999999991e+00,-6.974799999999999889e-01,-3.411700000000000177e+00,-5.864600000000000257e+00,-4.035400000000000098e+00,-1.207899999999999974e+00,-1.761400000000000077e+00,2.775699999999999834e-01,2.305400000000000116e+00,-4.027599999999999625e+00,-2.189499999999999780e+00,-4.952300000000000146e+00
4.184800000000000186e-01,-9.223700000000000232e-01,-4.500899999999999679e+00,2.808399999999999785e-01,5.739300000000000512e-01,-2.649300000000000210e+00,8.345900000000000540e-01,6.228200000000000403e-01,2.309200000000000141e+00,-5.819400000000000128e-01,-1.138200000000000101e+00,8.091199999999999504e-01,-2.535400000000000098e+00,-4.368400000000000283e+00,-1.551600000000000090e+00
2.053300000000000125e+00,-3.060999999999999943e+00,7.257000000000000117e-01,-3.783500000000000085e+00,6.402600000000000513e-01,-1.197699999999999987e+00,-2.355700000000000127e+00,4.285199999999999676e+00,1.505600000000000049e+00,1.570999999999999952e+00,-1.985800000000000010e+00,-5.843899999999999650e-01,4.340499999999999914e-01,1.456099999999999950e+00,-1.291199999999999903e+00
-8.992799999999999683e-01,-2.749699999999999811e+00,-1.818099999999999994e-01,-1.387899999999999912e+00,-6.694900000000000295e-01,-1.534299999999999997e+00,-2.736099999999999977e+00,5.916400000000000547e-01,1.224699999999999900e+00,-1.459199999999999942e-01,-1.203699999999999992e+00,-1.438499999999999890e+00,-1.417200000000000015e+00,2.629500000000000171e+00,9.566500000000000004e-02
1.580100000000000060e+00,1.264599999999999946e+00,3.209400000000000031e-01,-6.224300000000000388e-01,-8.824300000000000477e-01,-7.413100000000000245e-01,-2.916999999999999815e+00,-3.554100000000000037e+00,-2.550300000000000011e+00,-2.545100000000000140e+00,-1.366400000000000059e+00,1.575199999999999934e+00,-2.621399999999999952e+00,-1.760999999999999899e+00,-2.244499999999999940e+00
4.062100000000000044e+00,1.230699999999999905e+00,7.562299999999999578e-01,-2.178700000000000081e+00,-1.867699999999999916e+00,1.813599999999999934e-02,1.234900000000000109e+00,-3.759100000000000108e+00,3.719899999999999873e-01,2.962000000000000188e-01,-3.075100000000000056e-01,6.986400000000000388e-01,-3.171800000000000175e+00,-2.796400000000000219e+00,-2.933399999999999785e+00
5.695599999999999552e-01,-1.148499999999999938e-01,3.192400000000000237e-01,2.525100000000000122e+00,1.258299999999999974e+00,1.042599999999999971e+00,4.837600000000000233e-01,4.291499999999999759e-01,3.503699999999999815e+00,1.770400000000000029e-01,-1.189400000000000013e+00,2.660400000000000098e+00,6.186199999999999477e-01,-6.597800000000000331e-01,7.392499999999999627e-01
3.675200000000000133e-01,2.448599999999999888e+00,1.680399999999999894e+00,2.572999999999999954e+00,1.141999999999999904e+00,2.066600000000000215e+00,-1.701600000000000001e+00,-4.924300000000000205e-02,2.823599999999999999e-01,2.196600000000000108e+00,3.493299999999999739e-01,-2.126099999999999934e-01,1.124300000000000077e+00,2.907099999999999795e+00,1.604400000000000048e+00
5.916200000000000347e-01,3.075000000000000178e+00,6.954099999999999726e-01,-7.374100000000000099e-01,4.001599999999999824e+00,3.120800000000000018e+00,-4.808700000000000196e-01,-1.881599999999999939e+00,7.727499999999999647e-02,1.149199999999999999e+00,-4.516899999999999804e-01,-4.629699999999999926e-01,9.709799999999999542e-01,6.361799999999999400e-02,1.470499999999999918e+00
9.791699999999999848e-01,2.072599999999999998e+00,-1.542699999999999960e+00,-6.290599999999999525e-01,-5.742000000000000437e-01,1.564799999999999969e+00,5.526499999999999746e-01,2.142100000000000115e+00,7.763200000000000101e-01,-1.896300000000000097e+00,-1.440800000000000081e+00,-3.617600000000000260e-01,3.203699999999999992e+00,-1.688299999999999912e+00,-1.062799999999999967e+00
-8.445500000000000229e-01,-2.461399999999999810e+00,-3.704800000000000093e+00,5.086600000000000010e-01,-1.159200000000000008e+00,1.252099999999999991e+00,-6.886699999999999766e-02,-2.319700000000000095e+00,1.166400000000000103e+00,-1.394500000000000073e+00,-6.683599999999999541e-01,2.101800000000000057e-01,6.621099999999999763e-01,-2.145999999999999908e+00,-1.220199999999999951e+00
-1.189300000000000024e+00,-8.700099999999999500e-01,-2.371199999999999974e+00,1.132200000000000012e-01,5.078399999999999581e-01,4.102700000000000236e-01,-1.118399999999999950e-01,-1.591900000000000093e+00,-1.676299999999999901e+00,4.090900000000000425e+00,1.127499999999999947e+00,6.315999999999999837e+00,-5.401299999999999990e-01,-2.251300000000000079e+00,-6.309000000000000163e-01
-1.846700000000000008e-01,2.833000000000000185e+00,8.874199999999999866e-01,-4.106799999999999895e-01,7.326399999999999579e-01,3.643499999999999961e+00,3.312600000000000211e+00,-8.956300000000000372e-01,1.116100000000000092e+00,1.440399999999999903e+00,2.512500000000000178e+00,6.194700000000000095e+00,-1.863699999999999912e+00,-2.084200000000000053e+00,2.332399999999999807e+00
2.536900000000000266e-01,-9.282399999999999540e-01,-4.168999999999999928e-01,1.942399999999999904e+00,-1.067899999999999960e-01,2.287500000000000089e+00,7.870899999999999785e+00,8.054299999999999793e-01,1.165999999999999925e+00,-5.160100000000000103e-02,5.540399999999999991e+00,3.915500000000000203e+00,5.148200000000000554e-01,-1.897199999999999998e+00,8.528999999999999915e-01
1.172400000000000109e+00,-3.862200000000000077e+00,-1.802400000000000113e-01,4.541199999999999903e+00,3.733700000000000213e-02,1.035099999999999909e+00,1.967600000000000016e+00,-2.385899999999999965e-01,4.601799999999999891e+00,1.748899999999999899e+00,1.294399999999999995e+00,-1.592600000000000016e+00,-1.914700000000000069e+00,-2.106899999999999995e+00,-1.198700000000000043e-01
7.294800000000000173e-01,2.069100000000000106e-01,-6.419300000000000180e-03,2.851300000000000168e+00,1.985800000000000065e-01,2.488299999999999956e-01,-4.747899999999999565e+00,-1.171100000000000058e-01,2.153200000000000003e+00,-6.195599999999999719e-02,-4.115800000000000125e+00,-2.732600000000000140e+00,2.237099999999999866e+00,-1.304699999999999971e+00,-1.177400000000000002e+00
9.289399999999999880e-01,1.594300000000000050e+00,7.102000000000000535e-01,-1.490199999999999969e+00,3.815999999999999948e-01,3.925500000000000100e-01,3.130500000000000060e+00,4.787300000000000111e+00,2.122700000000000031e+00,-1.606899999999999995e+00,-1.069299999999999917e+00,-2.332399999999999807e+00,1.237300000000000066e+00,-2.046800000000000008e-01,-6.537399999999999878e-01
-1.010699999999999932e+00,-3.103099999999999747e-01,-1.262999999999999956e-01,-3.527699999999999836e+00,4.922199999999999909e-01,2.551299999999999901e+00,4.539600000000000080e+00,2.425699999999999967e+00,2.411000000000000032e+00,2.763399999999999884e-02,3.442299999999999804e-01,-2.740299999999999958e+00,7.498500000000000165e-01,9.185900000000000176e-01,7.183800000000000185e-01
8.173300000000000010e-01,-1.908600000000000074e+00,-1.807900000000000063e+00,-1.720699999999999896e+00,1.264999999999999902e+00,2.008199999999999985e+00,9.785199999999999454e-01,3.067299999999999915e+00,1.310999999999999943e+00,1.110300000000000065e+00,-3.184899999999999842e+00,-2.329699999999999882e+00,-1.473400000000000043e+00,-1.056400000000000006e+00,-5.598199999999999843e-01
1.468800000000000106e+00,-1.337199999999999944e+00,-3.707300000000000040e+00,1.843200000000000116e-01,1.292799999999999949e+00,6.123100000000000209e-01,-6.087599999999999678e-01,-2.215300000000000047e+00,-1.419399999999999995e+00,2.329199999999999882e-01,-1.977100000000000080e+00,-1.595699999999999896e+00,-5.310900000000000176e+00,-2.893800000000000150e+00,-5.895099999999999785e-01
-5.647699999999999942e-01,-3.286700000000000177e+00,1.068000000000000060e+00,2.765899999999999803e+00,1.088300000000000045e+00,8.043899999999999662e-02,-3.937300000000000022e+00,-2.346699999999999786e+00,-6.020600000000000396e-01,-3.110700000000000132e-01,-1.006499999999999950e+00,-1.814999999999999947e+00,-1.302200000000000024e+00,-5.450399999999999689e-01,-5.775400000000000533e-01
-5.536200000000000010e-01,-2.190599999999999881e+00,1.746499999999999941e+00,-1.877299999999999969e+00,2.272200000000000220e+00,2.379300000000000193e+00,1.924400000000000110e+00,-1.171699999999999964e+00,2.663100000000000023e+00,2.832699999999999996e+00,-1.319099999999999939e+00,-1.249200000000000088e+00,2.418400000000000105e+00,2.066800000000000193e+00,4.419199999999999795e-01
2.306900000000000062e-01,2.477700000000000014e+00,1.231200000000000072e+00,-2.278999999999999915e+00,-1.157299999999999995e+00,5.843499999999999694e+00,-6.628100000000000103e-01,1.864599999999999869e-01,1.738699999999999912e+00,4.634000000000000341e+00,-2.713000000000000078e+00,3.208200000000000163e+00,3.834000000000000186e-01,-1.335699999999999995e-03,1.304000000000000048e+00
5.939600000000000435e-01,1.078000000000000069e+00,2.429099999999999870e-01,-5.169799999999999951e-01,-1.377399999999999958e+00,4.149300000000000210e+00,-2.410000000000000142e+00,-1.905699999999999950e+00,-1.824699999999999989e+00,2.793099999999999916e+00,1.712900000000000089e+00,2.884999999999999787e+00,1.096999999999999975e+00,7.828399999999999803e-01,1.282799999999999940e+00
4.391999999999999793e-01,-8.790900000000000380e-01,-1.966399999999999926e+00,-2.388299999999999867e-01,8.085700000000000109e-01,3.173599999999999977e+00,5.446399999999999686e+00,3.823199999999999932e+00,-1.686900000000000066e+00,2.419999999999999929e+00,2.423099999999999810e+00,9.174099999999999477e-01,1.213100000000000067e+00,2.648899999999999810e+00,2.078099999999999947e-01
1.107499999999999929e+00,-1.126800000000000024e+00,1.541500000000000092e+00,-3.630200000000000093e-01,-8.302000000000000490e-01,1.121499999999999941e+00,-2.218900000000000095e+00,-9.748599999999999488e-01,-1.689999999999999947e+00,-2.038399999999999934e-01,5.030300000000000438e+00,-1.008999999999999897e+00,3.645200000000000107e-01,6.079299999999999704e-01,3.083899999999999864e+00
6.360299999999999843e-01,1.475700000000000067e-01,3.877800000000000136e+00,-6.198099999999999721e-01,1.846200000000000063e+00,2.460500000000000131e+00,-1.639999999999999902e+00,8.509799999999999309e-02,-3.647699999999999942e+00,-2.438800000000000079e+00,1.632300000000000084e+00,-2.852799999999999780e-01,-2.891699999999999826e-01,1.344200000000000061e+00,3.349099999999999966e+00
-2.499499999999999833e+00,2.155299999999999994e+00,-9.884600000000000053e-01,-1.220800000000000107e+00,-2.359700000000000131e-01,1.575499999999999901e+00,3.298700000000000188e+00,2.675799999999999845e-01,1.449799999999999978e+00,-1.752899999999999903e+00,2.098800000000000221e+00,1.717899999999999983e+00,1.974399999999999933e+00,1.994499999999999940e+00,3.423599999999999977e+00
-1.598899999999999988e+00,2.143200000000000216e+00,-3.225299999999999834e+00,8.654500000000000526e-01,-2.377099999999999991e+00,-1.123599999999999932e+00,2.182199999999999973e-01,-8.542800000000000393e-01,-6.044000000000000483e-01,-1.713799999999999990e+00,4.368800000000000239e+00,3.718799999999999883e+00,-1.673200000000000021e+00,4.974399999999999933e-01,1.537300000000000111e+00
1.569199999999999928e+00,2.439099999999999824e+00,-4.058200000000000141e-01,3.923599999999999977e+00,-2.679000000000000270e-01,-6.707900000000000418e+00,-1.448099999999999943e+00,-2.211500000000000021e+00,-2.857499999999999929e+00,-4.772899999999999920e+00,1.766499999999999959e+00,-1.832500000000000018e+00,-9.606099999999999639e-01,-8.070800000000000196e-01,2.356700000000000017e+00
3.584400000000000031e+00,1.147999999999999909e+00,-1.111499999999999932e+00,-2.626299999999999746e-01,2.898899999999999810e+00,-4.594199999999999950e-01,-3.480900000000000105e+00,-3.091099999999999959e+00,-1.902400000000000091e+00,-2.478499999999999925e+00,-4.453999999999999737e+00,-4.940999999999999837e+00,-3.552700000000000191e+00,-3.112499999999999822e+00,1.745900000000000007e+00
-4.264899999999999802e-01,-8.544300000000000228e-01,2.993600000000000150e-01,-4.581500000000000128e+00,2.983200000000000074e+00,3.574800000000000200e-01,-1.660300000000000109e+00,-1.513700000000000045e+00,7.635899999999999910e-01,-1.294499999999999984e+00,-5.366900000000000226e+00,-6.892000000000000348e+00,-2.619800000000000129e+00,-1.593399999999999928e+00,-1.911799999999999944e+00
3.294200000000000017e+00,1.293700000000000072e+00,-1.890000000000000013e-01,5.774599999999999733e-01,1.519800000000000040e+00,3.654800000000000271e-01,1.597599999999999909e+00,-1.201000000000000068e+00,-4.195800000000000196e+00,9.821100000000000385e-01,-2.153999999999999915e+00,-2.954600000000000115e+00,4.033800000000000163e-01,3.742599999999999927e+00,-2.544000000000000039e+00
-1.240499999999999936e+00,-8.977000000000000257e-02,-1.912199999999999900e+00,1.403000000000000080e-01,-1.550899999999999945e+00,3.044599999999999973e+00,2.003800000000000026e-01,1.658700000000000063e+00,-1.941500000000000004e+00,-1.140599999999999947e-01,-3.526499999999999968e+00,1.750899999999999901e+00,5.469800000000000217e+00,4.830499999999999794e+00,-5.763500000000000290e-01
-5.015200000000000102e+00,-7.843499999999999917e-01,2.832500000000000018e+00,-6.928100000000000369e-01,-7.846600000000000241e-01,-8.092300000000000049e-01,-3.861700000000000133e-01,7.853299999999999725e-01,-2.419799999999999951e+00,1.895999999999999908e+00,-2.706500000000000128e+00,-1.438900000000000068e+00,2.064599999999999991e+00,1.695400000000000018e+00,1.002999999999999892e+00
-1.774699999999999944e+00,-5.905200000000000449e-01,4.739300000000000068e+00,1.112000000000000099e+00,-2.192600000000000104e+00,-1.758399999999999963e+00,9.368999999999999551e-01,-6.930600000000000094e-01,-1.282999999999999918e+00,1.502000000000000002e+00,-2.006600000000000161e+00,-5.421199999999999797e+00,-3.720499999999999918e-01,-2.437500000000000000e+00,-3.187100000000000044e+00
9.559299999999999464e-01,-1.431000000000000050e+00,-4.594799999999999995e-01,-2.182599999999999874e+00,-1.325800000000000090e+00,-3.893699999999999939e+00,-2.029500000000000082e+00,1.752900000000000014e-01,8.610800000000000398e-02,-2.826600000000000223e-01,4.633499999999999730e+00,-1.466200000000000003e-01,3.798000000000000043e+00,-1.895299999999999985e+00,-3.553100000000000147e+00
-6.400099999999999678e-01,3.015000000000000124e+00,-2.250100000000000211e+00,1.476499999999999924e+00,-1.731000000000000094e+00,-4.920399999999999885e+00,-2.985399999999999832e+00,-1.077000000000000041e-01,2.055600000000000094e+00,-1.876700000000000035e+00,3.536000000000000032e+00,2.425599999999999978e-01,-6.576600000000000223e-01,-8.435200000000000475e-01,-1.399599999999999955e+00
-2.116000000000000103e-01,3.392199999999999882e+00,1.393699999999999939e+00,-1.478300000000000100e-03,-3.509999999999999787e+00,-8.374700000000000477e-01,1.799800000000000066e+00,3.275999999999999801e+00,3.503400000000000070e+00,-1.145100000000000007e+00,2.650199999999999889e+00,-9.465099999999999902e-02,-3.952200000000000157e-01,1.480499999999999927e+00,-1.320100000000000051e+00
-1.494399999999999951e+00,6.340900000000000425e-01,1.985100000000000087e+00,2.019299999999999873e+00,-3.901899999999999924e+00,4.181500000000000217e-01,1.110999999999999988e+00,2.852300000000000058e+00,1.264999999999999902e+00,-1.217999999999999972e+00,-1.890099999999999891e+00,-4.100400000000000156e-01,-9.348199999999999843e-01,2.265099999999999891e+00,-1.144200000000000106e+00
1.806200000000000028e+00,-1.314999999999999947e+00,4.987800000000000011e-01,2.193700000000000205e+00,-2.235899999999999999e+00,-6.640800000000000036e-01,1.231899999999999995e+00,2.838900000000000201e+00,-9.384799999999999809e-01,-1.965500000000000025e+00,-3.200499999999999901e+00,-3.061100000000000154e+00,-1.952200000000000046e-01,7.277099999999999680e-01,-7.732200000000000184e-01
3.851300000000000168e+00,2.680100000000000260e-01,7.931000000000000272e-01,-1.408800000000000052e+00,1.669299999999999951e-02,-8.847599999999999909e-01,9.940900000000000292e-01,1.893699999999999939e+00,-1.526699999999999946e+00,-1.226699999999999902e+00,-1.029900000000000038e+00,-3.486699999999999910e+00,7.854400000000000270e-01,8.854900000000000271e-02,-1.308000000000000052e+00
-1.122900000000000009e+00,1.868600000000000039e+00,-2.837600000000000122e-01,5.310700000000000420e-01,-2.170500000000000096e+00,-1.947100000000000053e+00,-1.492099999999999982e+00,-2.154699999999999949e-01,-2.559200000000000141e+00,-1.893399999999999972e+00,-1.988599999999999923e+00,-2.774599999999999955e+00,-3.045500000000000096e+00,-4.050600000000000200e+00,-2.517699999999999938e-01
-2.394299999999999873e+00,-6.319399999999999462e-01,7.109900000000000109e-01,8.419299999999999562e-01,-1.309099999999999930e+00,-4.684999999999999609e+00,-2.170199999999999907e+00,-1.555900000000000061e+00,-3.721999999999999975e+00,-2.079499999999999904e+00,-7.244500000000000384e-01,-2.183899999999999952e+00,-3.587299999999999933e-01,-1.438099999999999934e+00,-1.035900000000000043e+00
-1.108999999999999986e-01,1.413399999999999990e+00,-3.793500000000000344e-02,-1.135699999999999932e+00,-9.777799999999999825e-01,-6.150999999999999801e+00,3.548400000000000165e-02,-2.432399999999999896e+00,-3.270599999999999952e+00,-4.892000000000000237e-01,3.676400000000000112e+00,4.915199999999999569e+00,-1.708900000000000086e+00,1.599099999999999966e+00,-5.828900000000000192e-01
2.129500000000000004e-01,8.476700000000000346e-01,-9.713100000000000067e-01,-1.282100000000000017e+00,1.812000000000000055e+00,3.148900000000000032e-01,3.302800000000000180e-01,-1.260299999999999976e+00,-7.885199999999999987e-01,6.413900000000000157e-01,4.344299999999999606e+00,2.932100000000000151e+00,-1.234699999999999964e-01,1.380400000000000071e+00,2.954400000000000137e+00
-2.080999999999999961e+00,-2.079699999999999882e+00,-2.489900000000000002e+00,-3.309199999999999919e-01,2.196899999999999853e+00,2.779700000000000060e+00,3.086699999999999999e+00,7.478399999999999492e-01,-1.601699999999999902e+00,1.483400000000000052e+00,1.947000000000000064e+00,7.531999999999999806e-01,1.984699999999999909e+00,-9.117199999999999749e-01,2.606100000000000083e+00
-2.850900000000000212e+00,-2.251100000000000101e+00,-2.410899999999999821e+00,-1.278299999999999992e+00,2.399000000000000021e+00,-1.987900000000000000e+00,-1.812100000000000044e+00,-3.509200000000000097e-01,-1.508299999999999974e+00,-1.853199999999999958e+00,-3.621599999999999930e+00,1.251299999999999912e-01,2.277699999999999836e+00,-1.203999999999999959e+00,-3.497500000000000053e-01
-6.046300000000000008e-01,-1.606500000000000039e+00,-1.888600000000000056e+00,3.335300000000000153e+00,-1.728699999999999903e+00,-1.252199999999999980e-01,3.079600000000000115e+00,-1.255200000000000093e+00,9.114799999999999569e-01,-1.617399999999999949e+00,-2.302799999999999958e+00,-5.135499999999999787e-02,-3.406200000000000117e+00,-2.181799999999999962e+00,-1.631399999999999961e+00
-1.282499999999999973e+00,-1.201799999999999979e+00,8.776200000000000667e-02,-1.459699999999999998e+00,-1.645499999999999963e+00,7.109900000000000109e-01,1.072300000000000031e+00,3.739700000000000246e-01,2.080600000000000005e+00,-1.253700000000000037e+00,-2.628699999999999815e+00,-1.424199999999999910e+00,-1.643899999999999917e+00,-4.496500000000000163e+00,-1.976900000000000102e+00
-3.206800000000000206e-01,3.103499999999999925e+00,3.218399999999999928e+00,-4.986999999999999766e-01,-1.877099999999999991e+00,-1.955100000000000060e+00,-4.646799999999999820e-01,3.040599999999999969e+00,5.794900000000000162e+00,1.068799999999999972e+00,-1.691699999999999982e+00,1.451400000000000023e+00,4.580599999999999561e+00,1.684800000000000075e+00,-2.415900000000000158e+00
-1.203699999999999992e+00,-1.464100000000000124e-01,1.078100000000000058e+00,-1.029099999999999904e+00,-2.178100000000000147e+00,-3.385400000000000187e+00,7.083100000000000507e-02,7.953400000000000469e-01,6.970499999999999474e-01,-1.745000000000000107e+00,-1.154700000000000060e+00,-4.203799999999999759e-01,-3.062699999999999978e+00,-1.014599999999999946e+00,-3.815300000000000136e+00
-1.595199999999999951e+00,-1.384800000000000031e+00,-2.965300000000000047e+00,3.873000000000000220e+00,4.348899999999999988e-01,-3.011400000000000077e+00,-4.216300000000000048e-01,-1.796699999999999964e+00,3.410699999999999843e-01,2.823899999999999744e-01,2.025700000000000056e+00,2.709700000000000220e+00,-1.994099999999999984e+00,-3.841600000000000126e+00,-3.335799999999999876e+00
1.550599999999999978e+00,1.424700000000000077e+00,-1.519600000000000062e+00,3.598899999999999988e+00,5.288400000000000212e+00,2.559299999999999908e+00,3.547800000000000065e+00,4.035000000000000142e+00,3.407000000000000028e+00,5.866299999999999848e+00,-5.130799999999999944e-02,-6.587600000000000122e-01,3.055000000000000160e+00,-4.795200000000000018e-01,-1.689899999999999958e+00
-2.498599999999999988e-01,-9.567399999999999516e-02,1.847499999999999976e-01,-4.822000000000000064e+00,2.147600000000000176e+00,2.009500000000000064e+00,2.608600000000000030e+00,2.624899999999999789e+00,3.222999999999999865e+00,3.963299999999999823e+00,1.077099999999999946e+00,1.681899999999999951e+00,1.639199999999999990e+00,-8.026999999999999691e-01,1.489900000000000002e+00
-1.219300000000000050e+00,2.847700000000000231e-01,-1.136300000000000088e+00,-3.005599999999999827e+00,-1.524199999999999999e-01,-2.972999999999999865e+00,1.458900000000000086e+00,-8.179699999999999749e-01,6.178299999999999903e-01,6.154100000000000126e-01,-5.885800000000000060e-02,1.918500000000000094e+00,-4.828700000000000214e-01,5.897900000000000365e-01,3.589100000000000179e+00
-1.733200000000000018e-01,8.776000000000000467e-01,-2.225199999999999956e-01,-9.455000000000000071e-01,1.039100000000000024e-01,-2.540299999999999780e+00,-2.067000000000000171e+00,-2.074899999999999967e+00,2.987800000000000011e+00,4.367400000000000171e-01,1.969799999999999995e+00,7.700200000000000100e-02,2.644099999999999895e+00,2.705099999999999838e+00,3.763999999999999790e+00
6.528699999999999504e-01,1.059099999999999930e+00,4.786100000000000243e+00,-4.152600000000000180e-01,-5.600700000000000123e-02,-1.073900000000000077e+00,-6.292799999999999727e+00,-3.632800000000000029e+00,3.633100000000000218e+00,1.739199999999999913e-01,4.627699999999999925e+00,4.120599999999999596e+00,4.314199999999999591e+00,4.515299999999999869e+00,9.353599999999999692e-01
-1.100400000000000045e+00,-2.091000000000000192e+00,9.766099999999999781e-01,-6.423600000000000421e-01,8.370900000000000563e-02,4.645099999999999785e-01,-1.842700000000000005e+00,-5.491000000000000325e-01,1.334300000000000042e+00,-2.017299999999999996e-02,4.452499999999999680e+00,3.562800000000000189e+00,1.293900000000000050e+00,1.317199999999999926e+00,2.593999999999999861e+00
1.612200000000000077e+00,-2.284400000000000208e+00,8.245700000000000252e-01,-7.666599999999999804e-02,-9.185600000000000431e-01,8.870000000000000107e-01,-1.239699999999999969e-01,9.682399999999999896e-01,-1.981399999999999828e-02,-1.182399999999999896e+00,7.025500000000000078e-01,9.263900000000000468e-01,-2.425399999999999778e+00,-1.787800000000000056e+00,-4.920999999999999819e-01
1.182199999999999918e+00,1.196799999999999947e-02,-2.075400000000000134e+00,-2.252399999999999958e-01,-3.864500000000000046e+00,6.541100000000000136e+00,-5.305100000000000371e-01,-1.886600000000000055e+00,-6.135600000000000082e-02,-1.194299999999999917e+00,3.484700000000000131e+00,2.891399999999999970e+00,-2.293699999999999850e+00,2.772299999999999986e+00,1.022600000000000037e-01
4.502599999999999936e-01,-1.758299999999999974e+00,-1.219200000000000061e+00,1.221899999999999931e-01,-1.984900000000000109e+00,3.977700000000000014e+00,4.754099999999999993e-01,-8.570699999999999985e-01,5.733800000000000008e-01,1.287300000000000111e+00,-8.751999999999999780e-01,3.295600000000000196e-01,-2.551800000000000068e+00,1.324699999999999989e+00,7.251600000000000268e-01
2.511599999999999944e-01,-5.251900000000000457e-01,2.924900000000000277e-01,1.074900000000000022e-01,-1.584100000000000064e+00,-1.347099999999999964e+00,-3.823100000000000165e+00,-3.142100000000000115e+00,-2.528999999999999915e+00,-1.729500000000000037e+00,-4.223700000000000010e+00,-1.605199999999999960e+00,-2.083899999999999864e+00,9.862199999999999855e-01,-1.030899999999999928e+00
1.382799999999999863e-01,-1.765900000000000025e+00,-2.386399999999999910e-01,5.914300000000000113e-01,2.781399999999999983e-01,-1.989800000000000013e+00,-1.024699999999999944e+00,2.555299999999999905e+00,-1.355299999999999949e+00,-3.546699999999999964e+00,-2.429399999999999782e+00,-5.992499999999999494e-01,4.044999999999999929e+00,2.943400000000000016e+00,-2.703999999999999737e-01
3.602500000000000147e-01,1.525199999999999889e+00,4.038400000000000212e+00,1.157500000000000057e-01,9.203200000000000269e-01,2.702799999999999869e+00,1.428900000000000059e+00,2.696000000000000174e+00,1.120800000000000018e+00,-1.916199999999999903e+00,1.705899999999999972e+00,2.359900000000000109e+00,2.133900000000000130e+00,3.097999999999999865e+00,3.220699999999999896e+00
1.718099999999999961e+00,2.743299999999999905e-02,2.907099999999999795e+00,5.670600000000000307e+00,1.114400000000000057e+00,4.770500000000000185e+00,1.542699999999999960e+00,8.419600000000000417e-01,1.902300000000000102e+00,3.806999999999999940e+00,5.089299999999999713e+00,-7.569299999999999640e-02,2.357400000000000162e+00,2.270399999999999974e+00,2.501399999999999846e+00
-5.752199999999999536e-01,6.154199999999999671e-01,4.022800000000000153e+00,2.623499999999999943e+00,3.335799999999999876e+00,2.558000000000000274e-01,-2.092999999999999972e+00,1.262100000000000000e+00,8.100500000000000478e-01,3.734199999999999964e+00,3.156400000000000095e+00,4.885600000000000165e+00,5.735000000000000098e-01,-7.088299999999999601e-01,-6.806699999999999973e-01
1.426500000000000101e+00,-2.397900000000000031e-01,3.321800000000000086e+00,-2.212200000000000166e+00,5.414299999999999669e-01,1.810100000000000042e+00,1.863599999999999923e+00,-4.197699999999999765e-01,-2.573700000000000099e+00,1.721600000000000019e+00,1.294200000000000017e+00,9.636900000000000466e-01,-6.582299999999999818e-01,-3.327500000000000124e+00,1.202199999999999935e+00
-5.124900000000000011e-01,-7.939699999999999536e-01,2.336800000000000210e+00,-6.661399999999999544e-01,1.189899999999999958e+00,5.254999999999999893e+00,2.484900000000000109e+00,3.747700000000000031e+00,-9.399800000000000377e-01,3.797699999999999854e+00,-4.161500000000000199e+00,-3.780499999999999972e+00,-4.278299999999999881e-01,-2.194599999999999884e+00,1.290100000000000025e+00
-2.669600000000000098e-02,5.456400000000000139e-01,-2.738199999999999967e+00,-4.476700000000000124e-01,1.091299999999999937e+00,9.919400000000000439e-01,1.764999999999999902e-01,1.381099999999999994e+00,-5.973500000000000476e-01,2.743599999999999817e+00,-3.729000000000000092e+00,-1.219200000000000061e+00,-1.377399999999999958e+00,2.629500000000000171e-01,-1.760199999999999987e+00
3.833300000000000041e-01,7.388799999999999812e-01,-4.986200000000000188e+00,-2.068999999999999950e+00,3.404300000000000104e+00,-4.272100000000000009e+00,-2.649000000000000021e+00,-2.547499999999999876e+00,-4.993900000000000006e+00,-3.202500000000000124e+00,-5.176400000000000112e+00,-2.849699999999999900e+00,-3.960100000000000176e+00,6.118900000000000450e-01,-8.479100000000000525e-01
6.359799999999999898e-01,6.802399999999999558e-01,-1.748399999999999954e-01,2.813200000000000145e-01,3.225600000000000023e+00,-2.393200000000000216e+00,2.637599999999999945e-01,-1.875199999999999978e+00,-2.781600000000000072e+00,1.487800000000000011e+00,-2.670199999999999907e+00,-1.623199999999999976e+00,-7.057999999999999829e-01,-3.247999999999999776e-01,3.690399999999999903e+00
