1.633899999999999908e+00,-1.385099999999999998e+00,-1.266799999999999926e+00,-1.410300000000000109e+00,-2.074300000000000033e+00,-1.125699999999999923e+00,-1.889399999999999968e+00,-3.206399999999999917e+00,-2.166799999999999837e+00,-1.043700000000000072e+00,-1.465799999999999992e+00,-1.178399999999999892e+00,-3.670799999999999841e+00,-1.450399999999999912e+00,-2.004000000000000004e+00
2.949700000000000100e-01,-7.934099999999999486e-01,-2.792499999999999982e+00,1.927699999999999969e+00,9.480699999999999683e-01,1.123399999999999954e+00,-6.653499999999999970e-01,-8.325399999999999467e-01,-9.275600000000000511e-01,-9.866000000000000325e-01,-1.024699999999999944e+00,1.277400000000000091e+00,-7.110400000000000054e-01,-1.374400000000000066e+00,-1.025700000000000056e+00
-6.147500000000000187e-01,-1.850200000000000067e+00,-5.090200000000000280e-01,-5.193299999999999583e-01,-7.133199999999999541e-01,2.620000000000000107e+00,1.967600000000000016e+00,-1.118200000000000083e+00,-1.552000000000000046e+00,-4.754800000000000137e-01,3.153200000000000003e+00,5.146399999999999864e-01,-1.015099999999999891e+00,-1.467100000000000071e+00,3.408300000000000107e+00
-9.079099999999999948e-01,-2.693299999999999861e-02,5.003300000000000525e-01,-2.230900000000000105e+00,1.475700000000000067e-01,-2.117300000000000182e+00,-1.648300000000000098e+00,-2.175600000000000034e-01,-1.971100000000000074e-01,-5.883599999999999941e-02,1.804000000000000048e+00,-7.286500000000000199e-01,-1.836699999999999999e+00,-1.205500000000000016e+00,-1.429200000000000026e+00
-2.543899999999999828e+00,4.997999999999999665e-02,4.407799999999999940e+00,9.575900000000000523e-01,1.813299999999999912e+00,-2.846099999999999741e-01,-2.632600000000000051e+00,1.453500000000000014e+00,4.056099999999999817e+00,1.500099999999999989e+00,-2.030699999999999950e+00,-8.215700000000000225e-01,2.059200000000000141e+00,-1.083599999999999897e+00,-1.250000000000000000e-01
6.143499999999999517e-01,5.508600000000000163e-01,2.506400000000000183e+00,2.641700000000000159e+00,4.301400000000000223e-01,5.691000000000000503e-01,-1.453300000000000036e+00,3.193099999999999827e+00,2.583899999999999864e+00,2.506200000000000205e+00,-9.599800000000000555e-01,-6.085800000000000098e-01,4.179999999999999716e+00,4.291500000000000092e+00,5.111799999999999677e-01
-1.728599999999999914e+00,9.169800000000000173e-01,3.751900000000000013e+00,1.637899999999999912e+00,3.078499999999999986e-02,3.569100000000000161e+00,2.205799999999999983e+00,1.377000000000000002e+00,2.066800000000000026e-01,2.266099999999999781e+00,-1.417499999999999982e+00,1.726100000000000134e-01,2.884199999999999875e+00,4.054100000000000037e+00,1.346200000000000063e+00
1.150400000000000089e+00,1.985700000000000021e+00,1.931499999999999995e+00,1.635199999999999987e+00,-5.392999999999999877e-02,7.185700000000000420e-01,2.076900000000000190e+00,1.146600000000000064e+00,-8.256900000000000350e-01,1.533099999999999907e+00,-1.109199999999999964e+00,3.695800000000000196e-01,4.102199999999999847e+00,5.039299999999999891e-01,-1.899100000000000010e+00
-1.536100000000000021e+00,-8.443100000000000049e-01,-2.874699999999999811e+00,2.666199999999999903e+00,1.509400000000000075e+00,-2.551400000000000112e+00,3.647600000000000176e+00,1.574500000000000011e+00,1.112100000000000088e+00,-7.142300000000000315e-01,-3.916399999999999881e-01,4.658900000000000041e+00,3.334000000000000075e+00,-1.006799999999999917e+00,-1.199400000000000022e+00
5.311399999999999899e+00,2.726999999999999869e+00,6.548599999999999977e-01,4.448199999999999932e-01,4.516100000000000114e-01,-3.111499999999999932e+00,-4.768000000000000016e-01,3.722700000000000120e+00,3.026199999999999779e+00,-1.975400000000000045e+00,4.317400000000000126e-01,4.022300000000000431e+00,2.838000000000000078e+00,1.117299999999999960e+00,2.061600000000000099e-01
4.266899999999999693e+00,2.809099999999999930e+00,4.490799999999999792e-01,-1.877499999999999947e+00,4.086400000000000254e+00,-1.981100000000000083e+00,-1.802400000000000002e+00,1.874500000000000055e+00,-8.402500000000000524e-01,-1.082499999999999990e-01,2.102899999999999991e+00,-1.586699999999999999e+00,2.626700000000000035e+00,1.453999999999999959e+00,4.213600000000000123e-01
1.035999999999999976e-01,2.478299999999999947e+00,-1.691400000000000015e+00,-4.940100000000000158e+00,-2.100599999999999967e-01,-1.086699999999999999e+00,-1.778299999999999992e+00,8.904199999999999893e-01,-3.791399999999999770e-01,-4.045300000000000118e+00,4.404399999999999871e+00,8.064900000000000402e-01,-1.947200000000000042e+00,2.575899999999999856e-01,2.712899999999999867e+00
-1.784100000000000019e+00,-1.513400000000000079e+00,-3.151100000000000012e+00,-3.258999999999999897e+00,-3.366200000000000081e+00,-9.065499999999999670e-01,-1.170500000000000096e+00,-2.433899999999999952e+00,-1.391299999999999981e+00,-3.190100000000000158e-01,-1.242599999999999927e+00,2.139800000000000146e+00,-1.280799999999999939e+00,2.818000000000000060e+00,5.990699999999999914e-01
-2.843900000000000095e+00,6.112800000000000455e-01,-1.263300000000000090e+00,-7.946100000000000385e-01,-3.095400000000000151e+00,4.415000000000000036e+00,9.554500000000000215e-01,-5.055600000000000094e+00,-3.942000000000000171e+00,3.726999999999999758e-01,-1.555199999999999916e+00,-3.137500000000000178e+00,-2.030899999999999928e+00,-2.224499999999999922e+00,-1.671499999999999986e+00
-1.481200000000000072e+00,3.766199999999999992e+00,3.760700000000000154e-01,-1.387599999999999945e+00,9.999299999999999855e-02,-2.792899999999999827e-01,-3.669600000000000084e-01,-1.938199999999999923e+00,-1.740899999999999892e+00,-3.321200000000000152e+00,-1.819999999999999951e-01,-6.371599999999999486e-01,-2.326900000000000190e+00,2.333200000000000163e+00,1.023400000000000087e+00
-1.907100000000000017e+00,2.122799999999999798e+00,-3.447799999999999754e-01,-5.819199999999999928e-01,7.847600000000000131e-01,2.454699999999999938e-01,9.817200000000000371e-01,2.252499999999999947e+00,2.854299999999999837e+00,1.748499999999999943e+00,3.906800000000000050e+00,-3.196299999999999919e+00,-2.318200000000000038e+00,1.733400000000000052e+00,9.578499999999999792e-01
2.957099999999999729e-01,-2.697499999999999787e+00,-3.630900000000000016e+00,2.229499999999999815e+00,1.824400000000000022e+00,2.398200000000000109e+00,2.705200000000000049e+00,3.120400000000000063e+00,3.611499999999999932e+00,3.222100000000000186e+00,1.013399999999999995e-01,-1.721200000000000063e+00,-6.397300000000000209e-01,-3.546699999999999964e+00,-1.539900000000000047e+00
-6.323100000000000387e-01,-4.625200000000000422e+00,-2.862200000000000077e+00,-1.625000000000000000e+00,2.333000000000000185e+00,-3.755100000000000104e+00,1.053800000000000070e+00,-4.001899999999999902e-02,1.351799999999999891e+00,6.981099999999999806e-02,-2.408700000000000063e+00,1.918400000000000105e-01,-5.065699999999999648e-01,-1.865799999999999903e+00,-6.208700000000000330e-01
-1.280699999999999950e+00,-2.016900000000000137e+00,-4.554199999999999915e-02,-2.892700000000000049e+00,1.457899999999999974e+00,-1.705000000000000071e+00,1.106100000000000083e+00,1.083700000000000108e+00,-1.541800000000000059e+00,-2.024500000000000188e+00,-1.745999999999999996e+00,2.633499999999999730e-01,-8.261699999999999600e-01,-7.118100000000000538e-01,2.744500000000000273e-01
-1.875900000000000067e-01,-3.561999999999999833e+00,-4.994500000000000051e-01,-9.458600000000000341e-01,-5.025000000000000355e+00,1.220099999999999962e+00,2.487600000000000033e+00,1.252499999999999947e+00,-3.756800000000000139e-01,5.787900000000000267e-01,-3.882599999999999940e-01,-1.566599999999999993e+00,-3.123500000000000165e-01,-1.461999999999999966e+00,-3.835100000000000176e-01
-1.237999999999999989e+00,2.428200000000000081e-01,-1.016899999999999915e+00,-5.984000000000000430e-01,-2.168000000000000149e+00,-1.135899999999999965e-01,1.304699999999999971e+00,-4.794599999999999973e-01,-3.500300000000000078e-01,1.011700000000000044e+00,-1.257900000000000018e+00,-3.333899999999999864e+00,-1.297400000000000109e+00,-2.240000000000000213e+00,-1.023200000000000109e+00
3.889299999999999979e-01,-1.398700000000000054e+00,-3.410300000000000137e-02,-2.594199999999999839e-01,-3.243199999999999861e+00,-2.577900000000000191e-01,2.707199999999999829e+00,-3.206799999999999873e+00,-3.449600000000000222e+00,-1.897100000000000009e+00,8.987899999999999778e-01,-2.575299999999999923e+00,-2.486899999999999888e+00,-1.158700000000000063e+00,7.246000000000000218e-01
8.892799999999999594e-01,-4.058799999999999908e-02,-5.752399999999999736e-01,8.811999999999999833e-01,-2.054100000000000037e+00,3.567499999999999893e+00,1.610400000000000054e+00,-1.581499999999999906e+00,-9.348899999999999988e-01,1.564400000000000013e+00,2.254700000000000149e+00,1.808100000000000041e+00,-2.560599999999999987e+00,-4.351099999999999968e-01,3.570200000000000040e-01
4.031900000000000261e+00,3.170799999999999841e+00,2.853400000000000158e+00,1.443599999999999994e+00,-5.411700000000000399e-01,2.777600000000000069e-01,-2.213000000000000078e+00,-1.902400000000000091e+00,-1.365099999999999980e+00,2.720699999999999896e+00,-2.177999999999999936e+00,1.730299999999999949e+00,-1.637899999999999912e+00,-1.155999999999999917e+00,1.533400000000000096e+00
4.542600000000000193e+00,7.801000000000000156e-01,1.956099999999999950e+00,1.229800000000000004e+00,2.201700000000000046e-01,-1.873399999999999954e+00,-2.246999999999999886e+00,-2.234199999999999964e+00,-7.093599999999999905e-01,-1.937599999999999989e+00,-5.339500000000000357e-01,-1.481699999999999962e-01,-3.774799999999999933e+00,-2.410099999999999909e+00,2.214000000000000135e-01
-6.611100000000000310e-02,-8.788599999999999746e-01,2.158599999999999852e+00,6.011400000000000077e+00,2.128800000000000026e+00,-5.989900000000000085e-02,-3.494200000000000195e+00,3.031699999999999839e+00,1.133099999999999996e+00,1.607400000000000148e-02,7.397200000000000442e-01,-4.687899999999999956e+00,6.686600000000000321e-01,4.177199999999999802e-01,8.443000000000000504e-01
3.058699999999999974e+00,1.743700000000000028e+00,1.743500000000000050e+00,4.100100000000000300e+00,1.645999999999999908e+00,2.857000000000000206e+00,-4.836599999999999788e-01,1.612100000000000088e+00,2.105999999999999872e+00,8.569200000000000150e-01,-3.456799999999999873e-01,-4.758000000000000007e-01,2.639899999999999913e+00,8.526099999999999790e-01,-5.269700000000000495e-01
-1.646099999999999897e+00,-4.169999999999999818e-01,3.736299999999999955e+00,2.771100000000000119e+00,1.641399999999999970e+00,2.493799999999999795e+00,6.626400000000000068e-01,1.857699999999999907e+00,3.361899999999999888e+00,1.767300000000000093e+00,-3.116999999999999771e-01,-1.592799999999999994e+00,1.762199999999999989e+00,1.267300000000000093e+00,7.811200000000000365e-01
-9.776200000000000445e-01,-7.924999999999999822e-01,5.263600000000000279e+00,8.578000000000000555e-03,-9.348499999999999588e-01,-4.226099999999999746e+00,-2.080600000000000005e+00,-1.753900000000000015e+00,8.098300000000000498e-01,1.240499999999999936e-01,-1.092100000000000071e+00,-3.662400000000000100e-01,-3.470199999999999951e-01,1.118000000000000105e+00,-3.197900000000000187e-01
2.504000000000000004e+00,-1.523899999999999977e-01,1.019700000000000051e+00,-2.883700000000000152e-01,1.576799999999999979e+00,1.211899999999999977e+00,-3.343100000000000183e+00,-5.330099999999999838e+00,-2.601100000000000190e+00,-3.599300000000000277e-01,2.284699999999999953e+00,1.913799999999999946e+00,-1.462900000000000089e+00,1.578300000000000036e+00,1.044399999999999995e+00
-4.034800000000000053e-01,-1.235200000000000076e+00,4.559599999999999764e-01,2.120599999999999985e-01,-3.081599999999999895e-01,3.012100000000000222e+00,-8.770400000000000418e-01,-6.045000000000000373e-01,-1.296799999999999953e+00,2.133100000000000218e+00,8.622600000000000264e-01,1.991999999999999882e-01,-6.272799999999999487e-01,1.234699999999999909e+00,6.038800000000000168e+00
-3.200299999999999923e+00,2.026199999999999946e-01,1.610000000000000098e+00,-7.811299999999999910e-01,2.441800000000000193e+00,-1.447000000000000064e+00,-8.118699999999999806e-01,-7.905200000000000005e-01,-2.290999999999999925e+00,-3.716800000000000104e-01,-1.819800000000000084e+00,1.338399999999999868e-01,2.455799999999999927e-01,-1.087299999999999933e+00,4.101399999999999935e+00
-3.603099999999999969e+00,1.866500000000000048e+00,1.105699999999999905e+00,1.113799999999999901e+00,3.359199999999999964e+00,-3.982299999999999951e+00,-2.105999999999999872e+00,-1.037199999999999900e+00,-9.126600000000000268e-01,-1.260000000000000009e+00,-2.769300000000000095e-01,4.147700000000000387e+00,-3.850899999999999879e-01,-9.725500000000000256e-01,-8.776100000000000012e-01
-8.904000000000000456e-03,-1.983000000000000040e-01,-3.326299999999999812e+00,-5.320399999999999574e-01,2.207300000000000040e+00,-1.741600000000000037e+00,2.418099999999999972e-01,-2.195399999999999796e+00,-1.440900000000000070e+00,-9.520499999999999519e-01,5.274999999999999689e-01,4.572099999999999831e+00,-1.008999999999999897e+00,-5.071700000000000097e-01,-3.969800000000000217e+00
-6.231200000000000072e-01,-2.178799999999999848e+00,-5.064499999999999780e+00,1.050599999999999978e+00,-1.398200000000000109e+00,-2.049799999999999844e+00,-2.004100000000000215e+00,-4.725999999999999979e+00,-4.250200000000000422e+00,-3.386400000000000077e+00,2.813599999999999990e-01,1.991600000000000037e+00,-2.198700000000000099e+00,-2.226100000000000190e+00,-3.460900000000000087e+00
-3.233600000000000030e+00,-5.854099999999999859e-01,-5.206800000000000317e+00,-2.240099999999999980e+00,-3.234700000000000131e+00,-4.255099999999999993e-01,-1.151100000000000012e+00,-3.325099999999999945e+00,-2.959299999999999820e+00,-7.045200000000000351e-01,-6.223199999999999843e-01,8.116499999999999826e-01,-5.309700000000000308e+00,-6.577100000000000168e-01,-1.211300000000000043e+00
-1.387000000000000011e+00,-5.214800000000000546e-01,-1.403999999999999915e+00,-3.850900000000000212e+00,-3.546199999999999797e+00,-8.941099999999999604e-01,2.619200000000000195e+00,-8.022399999999999531e-01,-1.267099999999999893e+00,-2.188100000000000045e-01,1.053899999999999976e-01,-2.833000000000000185e+00,-2.368899999999999895e-01,1.069800000000000084e+00,2.157099999999999795e+00
5.542600000000000193e+00,2.629100000000000215e+00,1.947599999999999998e+00,-1.707100000000000062e+00,8.902499999999999858e-01,1.827299999999999924e+00,3.982399999999999829e-01,3.604600000000000026e-01,-4.425299999999999789e-01,3.313699999999999868e+00,-1.192700000000000010e-01,-7.523499999999999632e-01,3.427200000000000024e+00,3.126900000000000013e+00,-2.617900000000000088e-02
6.680899999999999617e-01,1.474099999999999966e+00,1.990699999999999914e+00,2.237699999999999967e-01,-8.012599999999999723e-01,6.055600000000000094e+00,1.132300000000000084e+00,1.732399999999999940e+00,3.191500000000000004e+00,2.836500000000000021e+00,1.135699999999999932e+00,-5.724900000000000544e-01,1.647299999999999986e+00,5.026699999999999946e+00,3.580499999999999794e-01
-1.271300000000000097e+00,2.908399999999999874e+00,1.625599999999999934e+00,5.149500000000000188e-01,1.837100000000000122e-01,1.727999999999999980e+00,3.972599999999999909e+00,3.549599999999999866e+00,3.292499999999999982e+00,3.084499999999999797e+00,-1.353399999999999881e-01,1.879799999999999915e+00,3.948900000000000077e+00,1.669100000000000028e+00,-7.286800000000000221e-02
-2.619299999999999962e+00,2.134599999999999831e+00,1.466199999999999948e+00,9.033099999999999463e-01,1.574399999999999966e-01,1.450199999999999934e+00,7.116799999999999793e-01,1.961500000000000021e+00,4.432199999999999918e+00,2.158399999999999874e+00,1.234299999999999953e+00,-1.458300000000000048e-02,9.631899999999999906e-01,-1.785700000000000065e+00,-2.742700000000000138e+00
-9.911999999999999700e-01,1.453999999999999959e+00,-2.163400000000000045e-01,-5.947099999999999609e-01,1.069700000000000095e+00,-3.345899999999999874e+00,2.138500000000000068e+00,6.045500000000000318e-01,5.965200000000000502e-01,-1.745100000000000096e+00,4.161199999999999899e-01,2.345699999999999896e+00,2.612899999999999778e+00,-2.585900000000000087e+00,-1.403299999999999992e+00
-7.094399999999999595e-01,-1.099599999999999911e+00,-3.339399999999999924e+00,2.354400000000000048e+00,-9.644000000000000350e-01,-4.503999999999999559e+00,-5.466800000000000548e-01,2.862500000000000044e-01,-4.272599999999999731e+00,-4.916100000000000136e+00,5.159200000000000452e-01,4.575899999999999856e+00,-6.584600000000000453e-01,-9.501500000000000501e-01,-1.152600000000000069e+00
1.063900000000000068e+00,-3.930499999999999883e+00,-3.767900000000000027e+00,1.293999999999999873e-01,2.262999999999999901e+00,-1.086500000000000021e+00,-1.842799999999999994e+00,-2.019899999999999807e+00,-4.929499999999999854e-02,-1.545800000000000063e+00,7.258499999999999952e-01,2.639100000000000001e+00,-8.598599999999999577e-01,-3.685400000000000009e+00,-1.178800000000000070e+00
7.096700000000000230e-01,-1.928600000000000092e+00,5.139700000000000379e-01,-4.509000000000000230e-01,2.393499999999999961e+00,9.697000000000000064e-01,1.309700000000000086e+00,2.284499999999999975e+00,5.222199999999999953e+00,1.638900000000000023e+00,-5.459100000000000064e-01,-2.394600000000000062e+00,1.072400000000000020e+00,-7.824400000000000244e-01,-5.367600000000000149e-01
-5.545700000000000074e-01,-2.642900000000000027e+00,-2.267100000000000115e+00,-3.757099999999999884e+00,-1.073700000000000099e+00,3.342299999999999827e+00,2.656400000000000095e+00,2.579099999999999948e+00,2.456799999999999873e+00,1.026899999999999924e+00,2.476900000000000102e+00,-1.866900000000000004e+00,3.105599999999999916e+00,-1.381699999999999928e+00,-1.259700000000000042e+00
-2.879999999999999782e-01,-3.876499999999999946e-01,-4.301499999999999879e+00,-3.821400000000000130e+00,-2.287300000000000111e+00,-1.787400000000000100e+00,1.952099999999999946e+00,5.538499999999999979e+00,2.307399999999999896e+00,2.352700000000000014e+00,4.681799999999999962e+00,3.595300000000000162e-01,-4.100300000000000056e-01,-5.363499999999999934e-01,1.074000000000000066e+00
-8.879000000000000226e-01,3.634700000000000042e+00,-1.183499999999999996e+00,-3.417100000000000026e+00,1.417799999999999949e+00,9.730100000000000415e-01,5.179899999999999782e-02,5.594799999999999773e-02,-2.067600000000000104e+00,-3.045199999999999907e+00,3.803100000000000147e+00,1.657100000000000017e+00,7.249200000000000088e-01,3.462499999999999911e+00,9.419399999999999995e-01
-1.309800000000000075e+00,1.287400000000000100e+00,-1.614300000000000110e-02,-1.178600000000000092e+00,-1.249200000000000088e+00,1.978799999999999892e+00,-2.023800000000000043e+00,-2.342799999999999994e+00,-3.142599999999999838e+00,-1.229200000000000015e-01,-1.723899999999999988e+00,-2.252399999999999958e-01,7.040999999999999481e-01,9.579499999999999682e-01,1.709300000000000042e+00
-7.638700000000000490e-01,-3.808600000000000207e+00,1.998699999999999921e+00,-4.228299999999999836e-01,-4.177100000000000257e-01,-3.631200000000000205e+00,-1.229300000000000059e+00,2.889800000000000146e+00,2.251100000000000101e+00,-1.175599999999999978e+00,3.045999999999999819e+00,1.749500000000000055e+00,3.558199999999999807e+00,1.949899999999999967e+00,4.530400000000000205e+00
1.780200000000000005e+00,-1.948600000000000110e+00,1.798799999999999955e+00,1.957400000000000029e+00,-8.992900000000000338e-01,-3.592200000000000060e+00,-1.649399999999999977e+00,3.341899999999999871e+00,2.641999999999999904e+00,1.426199999999999912e+00,-1.266299999999999981e+00,-1.435699999999999976e+00,2.396000000000000074e-01,9.385900000000000354e-01,-1.182399999999999979e-01
4.438100000000000378e+00,8.169899999999999940e-01,-7.866499999999999604e-01,-7.392600000000000282e-01,1.452299999999999924e+00,-3.239100000000000312e-02,-3.566699999999999982e+00,-6.005700000000000482e-01,3.266500000000000181e+00,-8.831400000000000361e-01,-4.721799999999999997e+00,-6.651899999999999480e-01,-2.364900000000000002e+00,-1.956800000000000095e+00,-1.559299999999999908e+00
2.700299999999999923e+00,1.152200000000000030e-01,7.885199999999999987e-01,-5.114199999999999857e-01,-3.696099999999999941e-01,1.454099999999999948e+00,-1.985500000000000043e+00,-2.670399999999999885e+00,9.788000000000000034e-01,1.787099999999999911e+00,-3.673200000000000021e+00,-1.894700000000000051e+00,-2.953399999999999803e+00,2.193999999999999950e+00,1.705099999999999949e-01
5.182299999999999685e-01,8.423599999999999977e-01,-4.454799999999999871e-01,-7.953599999999999559e-02,-1.800499999999999989e+00,1.019099999999999895e+00,-2.798999999999999932e+00,-1.346400000000000041e+00,7.085800000000000431e-02,-3.997600000000000042e-01,2.265499999999999847e+00,-1.032200000000000062e-01,1.179499999999999993e+00,1.225400000000000045e+00,3.623500000000000054e-01
4.762299999999999756e+00,3.697599999999999998e+00,3.205200000000000049e+00,1.354700000000000015e+00,3.487000000000000099e+00,-1.995900000000000007e+00,-4.134800000000000253e+00,-2.553900000000000059e-01,-1.925599999999999978e+00,-2.930499999999999883e+00,1.819499999999999895e+00,-2.732200000000000184e-01,2.767300000000000093e+00,8.869799999999999907e-02,1.542600000000000082e-01
4.970500000000000362e+00,4.169400000000000439e+00,2.455700000000000216e+00,5.869299999999999518e-01,1.051600000000000090e+00,9.732800000000000340e-01,-2.874899999999999789e+00,-1.834000000000000075e-01,-6.044800000000000395e+00,-4.438100000000000378e+00,-1.661699999999999955e+00,-2.391599999999999948e+00,-3.943800000000000083e-01,-5.483299999999999841e-01,-1.715899999999999925e-01
-1.493100000000000094e+00,-3.399099999999999899e-01,4.971800000000000108e-01,-5.513299999999999867e-01,-1.358100000000000085e+00,-8.450900000000000079e-01,-3.105900000000000105e+00,1.728099999999999969e+00,-1.924200000000000077e-01,-4.725699999999999901e-01,-5.172799999999999621e+00,-3.418000000000000149e+00,-7.455800000000000205e-01,-1.943300000000000027e+00,-1.789199999999999902e+00
-2.128899999999999793e+00,-1.336100000000000065e+00,3.487299999999999844e+00,2.841800000000000104e+00,-7.291600000000000303e-01,-1.116100000000000092e+00,-5.506699999999999928e-01,1.442399999999999904e+00,1.412600000000000078e+00,-1.010699999999999932e+00,-3.055499999999999883e+00,1.091899999999999954e-01,2.290099999999999802e+00,-9.489800000000000457e-01,-3.385200000000000209e+00
-1.678500000000000103e+00,-2.021100000000000119e+00,2.510499999999999954e+00,2.489199999999999857e+00,-2.018099999999999894e-01,1.342799999999999994e+00,-1.914800000000000113e-01,3.869800000000000129e+00,-3.038699999999999957e+00,-8.885800000000000365e-01,-3.193199999999999927e-01,-3.310999999999999943e+00,1.069299999999999917e+00,-5.529599999999999793e-02,-3.122399999999999842e+00
-1.990299999999999958e+00,1.371899999999999897e+00,-1.061099999999999932e+00,-1.457100000000000062e+00,-2.661900000000000155e+00,-5.237899999999999778e-01,-8.022700000000000387e-01,-1.877899999999999903e+00,-7.480999999999999872e-01,8.070399999999999796e-01,3.473100000000000076e-01,-4.249600000000000044e-01,-1.879000000000000004e+00,7.921500000000000208e-01,-3.094700000000000228e-01
-1.018299999999999983e+00,1.856100000000000083e+00,-1.095699999999999896e+00,-5.160599999999999632e-01,-1.921599999999999975e+00,4.268299999999999872e-01,7.267900000000000471e-01,-1.516299999999999981e+00,1.786000000000000032e+00,2.926199999999999912e-01,-1.612300000000000066e+00,2.017199999999999882e+00,-9.591600000000000126e-01,2.128400000000000070e+00,2.421199999999999797e+00
-2.739599999999999813e+00,3.220999999999999974e-01,5.054300000000000286e-03,3.737100000000000144e-02,-1.144800000000000040e+00,3.880999999999999783e+00,3.084600000000000009e+00,-2.977899999999999991e-01,-2.009100000000000108e+00,9.744500000000000384e-01,-3.675899999999999945e+00,5.135200000000000209e+00,3.663899999999999935e-01,-6.523900000000000254e-01,-6.454600000000000337e-01
-2.293800000000000061e+00,1.304000000000000048e+00,-3.079399999999999915e-01,1.464299999999999935e+00,1.972299999999999942e+00,2.596999999999999975e+00,2.906600000000000072e+00,-6.718600000000000128e-01,-3.477799999999999780e+00,4.324299999999999811e-01,-2.205000000000000071e+00,3.519800000000000040e+00,1.546399999999999997e+00,-5.077099999999999946e-01,-3.141700000000000159e+00
-1.110899999999999999e+00,2.762100000000000222e+00,-1.371299999999999963e+00,4.925900000000000389e+00,2.261400000000000077e+00,-1.832500000000000018e+00,1.705599999999999894e-01,-8.891799999999999704e-01,-1.003400000000000070e+00,-2.615299999999999958e+00,2.986000000000000210e+00,1.663100000000000023e+00,1.056200000000000028e+00,-1.702900000000000080e+00,-1.822100000000000108e-01
3.407700000000000173e+00,9.925800000000000178e-01,-1.140600000000000058e+00,4.956200000000000050e-01,2.194700000000000095e+00,-2.034600000000000186e+00,3.454699999999999882e+00,2.246100000000000207e+00,-1.790400000000000047e-01,-1.881499999999999950e+00,1.745999999999999996e+00,-1.168600000000000083e+00,2.273699999999999888e-01,1.096100000000000074e+00,8.310999999999999499e-01
4.130099999999999660e+00,-2.852899999999999991e+00,-1.147299999999999986e+00,2.690899999999999959e-01,7.815600000000000325e-01,-1.295800000000000063e+00,1.602800000000000002e+00,-1.906500000000000083e+00,2.023899999999999810e+00,1.016599999999999948e+00,1.978099999999999969e+00,-1.800899999999999945e+00,-3.403799999999999937e+00,2.427199999999999913e-01,-1.048999999999999932e+00
2.695500000000000007e+00,-1.409699999999999953e+00,-1.768499999999999961e+00,-1.354000000000000092e+00,7.582799999999999541e-01,-1.327900000000000080e+00,-6.873399999999999510e-01,-2.764600000000000168e+00,3.324500000000000011e+00,2.201099999999999834e+00,1.663300000000000001e+00,-3.183300000000000018e-01,-1.006999999999999895e+00,-2.776600000000000179e+00,-2.303199999999999914e+00
-1.415599999999999969e+00,-2.999000000000000110e+00,-1.162500000000000089e+00,2.710700000000000109e+00,3.704699999999999882e+00,8.327700000000000380e-02,5.739999999999999547e-01,-1.602300000000000058e+00,-1.341499999999999915e+00,1.282399999999999984e+00,-3.111699999999999910e+00,-2.660400000000000098e+00,-1.344700000000000006e+00,-2.866899999999999782e+00,-1.125000000000000000e+00
-4.548799999999999955e+00,-5.254800000000000360e+00,1.580799999999999983e+00,-9.839599999999999735e-02,3.563200000000000145e+00,7.542200000000000015e-01,5.424400000000000333e+00,1.435000000000000053e+00,-1.813099999999999934e+00,3.784899999999999931e-01,-3.338999999999999968e+00,-3.327900000000000080e+00,-1.699400000000000022e+00,-1.144800000000000040e+00,8.389299999999999535e-01
-3.128800000000000026e+00,-3.661599999999999966e+00,1.316599999999999993e+00,-1.576799999999999979e+00,1.408800000000000052e+00,-4.657000000000000028e-01,4.360999999999999766e+00,1.588799999999999990e+00,-3.678000000000000158e-01,-1.620300000000000074e+00,-2.475200000000000067e+00,-2.698999999999999844e+00,-2.259299999999999919e-01,-9.763499999999999956e-02,8.269600000000000284e-01
-1.129999999999999893e+00,3.411500000000000199e+00,1.277900000000000043e-02,-1.101399999999999935e+00,-1.469300000000000050e+00,8.973799999999999555e-01,2.058300000000000018e+00,1.303600000000000092e+00,3.834500000000000131e-01,-7.610299999999999843e-01,-1.178099999999999981e-01,-1.179300000000000015e+00,9.035900000000000043e-01,-9.855899999999999661e-01,2.922899999999999832e+00
1.902500000000000080e+00,3.146700000000000053e+00,1.290999999999999925e+00,-8.902299999999999658e-01,-2.462200000000000166e+00,2.578699999999999881e-01,9.133200000000000207e-01,5.012999999999999901e+00,2.672000000000000153e+00,3.482099999999999973e+00,-1.096799999999999997e+00,-1.994699999999999918e+00,3.341899999999999871e+00,2.510200000000000209e+00,4.601600000000000357e+00
-3.577400000000000024e-01,1.854200000000000070e+00,1.135699999999999932e+00,-9.426299999999999679e-01,-3.542899999999999938e+00,1.596700000000000008e+00,-1.074600000000000000e-01,4.014599999999999835e-01,3.223100000000000076e+00,5.689099999999999824e+00,-5.260599999999999721e-01,-6.312799999999999523e-01,1.722599999999999965e-01,1.176500000000000101e+00,-1.798599999999999977e+00
-1.352599999999999913e-01,4.432900000000000174e-01,1.673100000000000032e+00,-1.832300000000000040e+00,-2.384900000000000020e+00,2.589399999999999924e+00,3.375600000000000267e-01,-3.215800000000000214e+00,3.130600000000000049e-01,3.803300000000000125e+00,-2.633099999999999885e-01,-4.056099999999999817e+00,-5.468100000000000183e-01,-2.153200000000000114e-01,-3.506400000000000183e+00
-1.080600000000000005e+00,-4.340900000000000425e+00,8.784899999999999931e-01,-7.183699999999999530e-01,-2.462699999999999889e+00,7.813499999999999890e-01,-3.468700000000000117e-01,-4.265300000000000202e-01,-3.072599999999999998e+00,2.547099999999999920e+00,1.551800000000000068e+00,1.329299999999999926e+00,5.141900000000000359e-01,-6.506699999999999706e-01,-3.996500000000000052e-01
-2.832599999999999785e+00,-4.746800000000000352e+00,2.573500000000000121e+00,9.167999999999999483e-01,-8.106400000000000272e-01,-9.145799999999999486e-01,-3.125700000000000145e+00,4.568699999999999983e-01,-3.318599999999999994e+00,-4.591399999999999926e-01,6.911000000000000476e-01,2.453399999999999803e+00,3.016000000000000014e+00,8.538000000000000034e-01,2.967099999999999849e+00
-2.502299999999999969e+00,-2.517599999999999838e+00,2.327900000000000080e+00,2.387000000000000011e+00,-1.548100000000000032e+00,-9.866899999999999560e-01,-1.003200000000000092e+00,2.145799999999999930e+00,-1.178099999999999925e+00,-1.416800000000000059e+00,2.427099999999999813e+00,1.667699999999999960e+00,2.736099999999999977e+00,-1.423500000000000043e-01,1.871199999999999974e+00
1.277099999999999902e+00,1.574300000000000033e+00,-2.005799999999999805e+00,-4.497599999999999931e-01,4.642800000000000260e-01,5.230900000000000549e-01,3.518499999999999961e+00,3.451699999999999768e-01,-7.584499999999999575e-01,3.157099999999999795e+00,5.744500000000000384e+00,4.070500000000000229e-01,-1.762100000000000000e+00,-8.218600000000000350e-01,8.370400000000000063e-01
-6.295300000000000340e-01,5.549699999999999633e-01,-4.298499999999999766e+00,2.547099999999999920e+00,3.293499999999999872e+00,4.721899999999999764e+00,2.687399999999999789e+00,-1.178099999999999925e+00,-1.085199999999999942e+00,2.069300000000000139e+00,2.859799999999999898e+00,2.713000000000000078e+00,-1.687000000000000055e+00,-9.951399999999999135e-03,2.573999999999999844e+00
-5.724799999999999889e-01,5.042600000000000415e-01,-3.053300000000000125e+00,3.124099999999999877e+00,1.445100000000000051e+00,-2.406300000000000106e-02,-1.903200000000000003e+00,-2.521199999999999886e+00,-2.526899999999999924e+00,-2.208299999999999930e+00,-2.561399999999999899e+00,8.923400000000000221e-01,-2.379999999999999893e+00,4.233399999999999608e+00,-5.304200000000000026e-01
5.049400000000000555e-01,2.982000000000000206e+00,-1.312999999999999945e+00,9.846200000000000507e-01,-2.161300000000000221e+00,-2.449100000000000055e+00,-9.488699999999999912e-01,-1.050200000000000022e+00,2.048800000000000066e-01,-4.124799999999999578e+00,6.035399999999999654e-01,-8.245200000000000307e-01,-1.719000000000000083e+00,-1.023800000000000043e+00,-4.476200000000000179e-01
-1.176199999999999912e+00,3.566699999999999982e+00,-1.225300000000000000e-02,-4.042300000000000004e+00,-2.591400000000000148e+00,-1.192299999999999915e+00,-1.767799999999999927e-01,2.275500000000000078e+00,4.119399999999999729e-01,8.511800000000000477e-01,1.291900000000000048e+00,-1.813400000000000012e-01,1.307500000000000107e+00,9.597700000000000120e-01,1.276899999999999924e+00
7.119900000000000118e-01,1.702599999999999891e+00,9.710199999999999942e-01,-9.670600000000000307e-01,-7.392400000000000082e-01,8.970899999999999708e-02,-3.508500000000000174e+00,-2.558900000000000063e-01,1.253700000000000037e+00,1.613099999999999978e+00,-1.239999999999999956e-02,-7.327399999999999469e-01,1.044000000000000039e+00,4.373000000000000220e+00,3.097099999999999853e-01
-8.338200000000000056e-01,-5.034099999999999575e+00,5.827900000000000302e-01,2.659100000000000019e+00,2.008799999999999919e+00,-4.187799999999999856e-01,-2.756200000000000205e+00,-9.348199999999999843e-01,9.353400000000000603e-02,1.252499999999999947e+00,6.419799999999999951e-01,2.524099999999999788e+00,9.405299999999999772e-01,4.091800000000000104e+00,1.606200000000000072e+00
7.795299999999999452e-01,1.886700000000000044e+00,9.489400000000000612e-02,-7.824999999999999734e-01,1.286699999999999955e+00,2.506400000000000183e+00,-1.411299999999999999e+00,-5.638100000000000334e-01,9.169300000000000228e-01,-1.921599999999999975e+00,1.707100000000000006e-01,-3.836300000000000265e-01,-2.403800000000000034e-02,1.156699999999999950e-01,5.928800000000000042e-02
1.697500000000000009e+00,2.772699999999999942e+00,4.736699999999999799e-01,-8.710200000000000164e-01,5.281700000000000284e-01,1.210700000000000109e+00,-1.525700000000000056e+00,1.597499999999999920e+00,4.207099999999999618e+00,-2.466899999999999871e+00,3.963699999999999779e+00,1.965200000000000058e+00,1.168899999999999939e-01,-1.943400000000000016e+00,8.127799999999999470e-01
1.107900000000000107e+00,-3.771999999999999797e+00,1.477899999999999991e+00,9.876000000000000334e-01,2.264200000000000212e+00,-2.275500000000000078e+00,-1.979500000000000037e+00,7.563000000000000278e-02,1.350600000000000023e+00,-7.844100000000000517e-01,3.889100000000000001e+00,3.004199999999999982e+00,-5.066500000000000448e-01,-1.197999999999999954e+00,-1.534899999999999876e-01
5.396400000000000086e-01,-3.041599999999999859e+00,1.669999999999999929e+00,-2.195699999999999985e+00,-4.972300000000000053e-01,-7.932399999999999451e-01,-1.176299999999999901e+00,-2.396700000000000053e+00,-1.027700000000000058e+00,-7.269400000000000306e-01,-1.351099999999999968e+00,-4.146099999999999786e-01,-3.894299999999999873e+00,7.987199999999999855e-01,1.522199999999999998e+00
-1.436000000000000054e-01,-8.289800000000000502e-01,-1.027099999999999902e+00,-2.489700000000000024e+00,6.790300000000000225e-01,1.263600000000000001e-01,-2.828399999999999803e+00,-2.815799999999999859e+00,2.119200000000000195e+00,-2.902200000000000113e+00,-2.903099999999999792e+00,1.106899999999999995e+00,-2.272299999999999986e+00,5.102299999999999613e-01,1.336799999999999988e+00
1.089900000000000091e+00,1.840900000000000036e-01,-3.626199999999999868e+00,-3.373899999999999899e+00,1.704099999999999948e+00,2.372400000000000064e-01,-7.437899999999999512e-01,-7.828899999999999748e-01,5.636499999999999844e+00,-1.089800000000000102e+00,-8.121399999999999730e-01,3.372700000000000031e+00,-4.854600000000000026e-01,-1.337399999999999922e+00,4.217500000000000249e+00
-1.227800000000000002e+00,3.556699999999999862e-01,-1.134500000000000064e+00,-7.370900000000000230e-01,-6.663200000000000234e-01,-9.124900000000000233e-01,1.683799999999999963e+00,-1.050300000000000011e+00,1.173300000000000037e-01,-1.928700000000000081e+00,-7.364300000000000290e-01,5.451899999999999524e-01,-1.980900000000000105e+00,-1.801699999999999968e-01,2.363599999999999923e+00
4.035999999999999588e+00,3.711199999999999832e+00,9.049199999999999466e-01,-1.242499999999999993e-01,-1.439100000000000046e+00,-1.895499999999999963e-01,1.379000000000000004e+00,-6.201100000000000501e-01,-1.450099999999999945e+00,-2.398899999999999810e+00,-5.030099999999999572e-01,-1.981200000000000072e+00,3.138300000000000090e+00,2.990499999999999936e+00,1.818300000000000027e+00
6.893399999999999750e+00,2.664400000000000102e+00,9.597099999999999520e-01,-4.606899999999999884e-01,-2.032799999999999885e-01,4.707600000000000118e-01,-5.937099999999999600e-01,1.647899999999999920e+00,1.996799999999999908e+00,6.376999999999999336e-02,-2.896399999999999864e+00,-6.020999999999999686e-01,5.842299999999999827e+00,-3.040099999999999802e+00,-4.705199999999999938e-01
-1.968399999999999872e-01,-1.572899999999999965e+00,7.841000000000000192e-01,-1.056100000000000039e+00,-1.365399999999999947e+00,-1.438800000000000079e+00,-3.304199999999999804e+00,2.369699999999999918e+00,2.034499999999999975e+00,1.710399999999999920e+00,-6.056500000000000217e-01,1.719600000000000017e+00,3.190500000000000114e+00,-1.727600000000000025e+00,1.262199999999999989e-01
-2.951099999999999834e+00,6.376699999999999591e-01,3.877299999999999969e+00,2.452599999999999891e+00,-1.582200000000000051e+00,-5.970299999999999496e-01,3.862999999999999767e-01,9.999000000000000110e-01,-1.306100000000000039e+00,3.456500000000000128e+00,4.187400000000000011e-01,1.883699999999999930e+00,-1.158300000000000107e+00,1.931200000000000028e+00,-2.331600000000000061e-01
1.254099999999999993e+00,2.946400000000000130e+00,3.111800000000000122e+00,1.936600000000000099e+00,1.232799999999999896e+00,1.060499999999999998e+00,-1.646400000000000086e-01,-3.884900000000000020e-01,-4.445200000000000262e-01,1.159399999999999986e+00,7.588000000000000300e-02,-6.819800000000000306e-01,9.293299999999999894e-01,-4.579399999999999693e+00,-5.750799999999999912e+00
1.017600000000000060e+00,-1.572100000000000053e+00,-1.524000000000000077e-01,1.317299999999999915e+00,-1.210699999999999971e-01,4.183000000000000052e-01,2.419299999999999784e+00,8.498099999999999543e-01,-1.503900000000000028e-02,-4.509100000000000108e+00,1.099900000000000100e+00,1.758699999999999930e+00,5.834399999999999586e-01,9.499800000000000466e-01,-1.794899999999999940e+00
-9.746399999999999508e-02,3.989100000000000090e+00,-2.975999999999999979e+00,-1.400600000000000067e+00,-1.607799999999999896e+00,3.860500000000000043e+00,1.933300000000000018e+00,-1.741600000000000092e-01,-1.991900000000000004e+00,-8.355400000000000327e-02,2.003900000000000126e-01,3.256899999999999906e+00,2.892399999999999860e+00,7.429900000000000393e-01,-1.078100000000000058e+00
-1.399299999999999988e+00,1.572599999999999998e+00,-7.104700000000000459e-01,-2.165299999999999780e+00,-1.107199999999999962e+00,4.743800000000000239e+00,5.225500000000000256e+00,-1.154500000000000082e+00,-9.839200000000000168e-01,2.029599999999999849e+00,-2.173599999999999977e-01,1.520100000000000007e+00,-2.315900000000000070e+00,-5.897499999999999964e-01,-6.899899999999999922e-01
4.445500000000000007e-01,4.157600000000000184e-01,5.852000000000000257e-02,-3.343799999999999883e+00,1.154400000000000093e+00,-8.379299999999999526e-01,2.470299999999999940e+00,-3.588899999999999868e-01,-1.051600000000000035e-01,4.158500000000000085e+00,1.208900000000000086e+00,-1.251200000000000090e+00,-4.868999999999999773e+00,-3.745000000000000107e+00,-2.468100000000000183e+00
-1.703399999999999914e-01,-1.787600000000000078e+00,8.138600000000000279e-01,-9.602300000000000280e-01,-1.691100000000000048e+00,-3.056900000000000173e+00,-8.974900000000000100e-01,-1.746199999999999974e+00,-1.469600000000000017e+00,-1.290899999999999936e+00,3.820899999999999963e+00,-3.238700000000000134e+00,-2.267999999999999794e+00,-3.954800000000000093e+00,2.783900000000000041e+00
2.215499999999999969e-01,-4.955999999999999850e-01,1.912200000000000011e-01,3.852500000000000036e+00,3.246399999999999952e+00,-2.263799999999999812e+00,-1.864900000000000002e+00,-2.061799999999999855e+00,-2.230799999999999894e+00,-4.031100000000000350e+00,-1.052799999999999958e+00,-1.916299999999999892e+00,-7.789399999999999658e-01,1.526899999999999924e+00,-3.586099999999999843e-01
5.483299999999999841e-01,1.483299999999999896e-01,5.998099999999999543e-01,2.332699999999999996e+00,2.431700000000000195e+00,-2.311999999999999833e+00,-1.759100000000000108e+00,-1.331900000000000084e+00,2.060899999999999954e-01,-1.184099999999999930e+00,-1.013399999999999995e-01,-1.301900000000000002e-01,-4.445999999999999952e-01,4.253999999999999559e+00,-9.312000000000000277e-01
1.252900000000000125e-01,3.414300000000000113e-01,8.530400000000000205e-01,-4.647100000000000120e-01,3.394699999999999940e-01,-1.315900000000000070e+00,4.817199999999999815e-01,1.513300000000000090e+00,1.657200000000000006e+00,2.097100000000000186e+00,-1.412199999999999900e+00,-1.461600000000000121e-01,-2.038699999999999957e+00,1.477000000000000091e+00,-1.138500000000000068e+00
-5.371700000000000363e-01,5.323099999999999499e-01,8.948599999999999888e-01,5.028700000000000392e-01,-2.077400000000000080e-01,-2.642199999999999882e+00,-2.527400000000000202e-01,4.970499999999999918e-01,-1.784100000000000019e+00,2.634999999999999787e+00,4.290199999999999569e+00,4.828399999999999914e-01,-2.274199999999999999e+00,-1.653899999999999926e+00,-1.165699999999999958e+00
-3.162499999999999756e-01,1.635000000000000009e+00,-1.780999999999999917e+00,3.876599999999999824e+00,8.655199999999999561e-01,-7.744199999999999973e-01,-5.058899999999999508e-01,-9.120899999999999841e-02,-2.308499999999999996e+00,-1.883599999999999941e+00,2.169399999999999995e+00,-9.761499999999999622e-01,-4.194600000000000328e+00,-4.652999999999999581e+00,-3.553799999999999848e+00
3.307899999999999729e-01,8.910700000000000287e-01,-8.927699999999999525e-01,3.776699999999999946e+00,1.145599999999999952e+00,-1.334799999999999986e+00,1.927000000000000046e+00,-1.549700000000000077e+00,2.834800000000000098e-01,-2.872799999999999798e+00,9.246000000000000052e-02,-2.784100000000000019e+00,-3.215399999999999814e+00,-3.633000000000000007e+00,-2.421100000000000030e+00
3.836500000000000021e+00,6.535499999999999643e-01,5.926900000000000501e-01,1.376700000000000035e+00,6.989400000000000057e-01,-8.645899999999999697e-01,7.508399999999999519e-01,2.145900000000000141e+00,9.218600000000000128e-01,-5.412799999999999834e-01,2.607200000000000073e-01,-3.116200000000000081e+00,1.462699999999999889e+00,-2.044200000000000017e+00,-7.749000000000000332e-01
4.404600000000000293e+00,2.221299999999999830e+00,3.499299999999999855e+00,2.195399999999999796e+00,4.590099999999999625e+00,-2.213299999999999823e+00,-7.445199999999999596e-01,3.436700000000000088e+00,3.867500000000000160e+00,-4.075699999999999878e-01,2.104999999999999982e+00,-5.851399999999999935e-01,4.177999999999999936e+00,3.385899999999999910e+00,2.549999999999999822e+00
3.422699999999999854e+00,2.161799999999999944e+00,2.988599999999999923e+00,1.781099999999999905e+00,2.438499999999999890e+00,-3.955899999999999972e-01,3.192499999999999893e+00,5.590900000000000425e+00,4.540899999999999936e-01,1.271500000000000075e+00,-4.304899999999999838e-01,-6.589300000000000157e-01,2.927200000000000024e+00,4.330300000000000260e+00,8.754899999999999904e-01
1.753100000000000103e+00,1.365699999999999914e+00,-9.665200000000000458e-01,-3.569700000000000095e+00,-3.515699999999999936e-01,-8.877500000000000668e-02,4.343600000000000350e+00,4.795799999999999841e+00,1.487800000000000011e+00,2.360700000000000021e+00,-2.842200000000000060e+00,-2.424300000000000122e+00,-3.358599999999999919e-01,4.022100000000000009e+00,2.780799999999999939e-02
3.035200000000000120e+00,-3.931000000000000050e-01,-1.945599999999999996e+00,-5.600500000000000256e+00,-1.063199999999999923e+00,4.472200000000000064e-01,-1.455999999999999961e+00,-6.657699999999999729e-01,-8.281500000000000528e-01,-8.941099999999999604e-01,1.138300000000000090e+00,5.306400000000000006e-02,3.650999999999999801e-01,-1.239699999999999969e-01,2.819799999999999862e+00
-7.891200000000000436e-01,-1.309299999999999908e-01,-1.854999999999999982e+00,-3.999299999999999855e+00,-2.395099999999999785e+00,4.388400000000000079e-01,-3.951999999999999957e+00,-1.267200000000000104e+00,5.753200000000000536e-01,3.427000000000000046e+00,1.612999999999999989e+00,4.553700000000000081e+00,1.005500000000000060e+00,4.746500000000000163e-01,1.076100000000000056e+00
-6.106799999999999784e+00,-2.201200000000000045e+00,-2.821200000000000152e+00,-1.798999999999999932e+00,2.968900000000000095e+00,3.119899999999999896e-01,-2.543499999999999872e+00,-4.185900000000000176e+00,-7.671000000000000041e-01,-1.169300000000000006e+00,-3.978000000000000203e+00,-3.198400000000000132e-01,1.709799999999999986e+00,2.567200000000000149e+00,3.898599999999999843e-01
-6.749699999999999811e+00,-2.877400000000000180e+00,-8.421699999999999742e-01,-1.360800000000000010e+00,-2.247899999999999898e-01,3.163900000000000046e-01,-8.117499999999999716e-01,-2.959900000000000198e+00,-3.421600000000000197e+00,-3.563800000000000301e-02,-3.081900000000000084e+00,1.440399999999999903e+00,1.658099999999999907e+00,1.836400000000000032e+00,-1.575199999999999934e+00
-3.547000000000000153e+00,-1.055700000000000083e+00,-2.165400000000000102e-01,2.556900000000000173e+00,-2.169700000000000184e+00,-3.666499999999999759e-01,-1.119899999999999896e+00,-1.553900000000000059e+00,7.621299999999999741e-01,-1.157200000000000006e+00,-1.872099999999999875e-01,-3.142599999999999838e-01,-2.030400000000000205e+00,-2.929100000000000037e+00,2.901100000000000012e+00
-4.105999999999999872e+00,5.298800000000000177e-01,-1.193699999999999983e+00,7.348400000000000487e-01,-2.425600000000000200e+00,-5.398500000000000520e-01,-8.861599999999999477e-01,-2.747199999999999864e+00,-3.152499999999999747e-01,-8.255200000000000315e-01,5.053100000000000369e-01,-1.427300000000000013e+00,-3.148899999999999810e+00,-3.461500000000000021e+00,-1.004799999999999915e+00
-8.554399999999999782e-01,4.802200000000000024e+00,4.716699999999999782e-01,-3.038299999999999890e-01,-3.282300000000000217e+00,5.392299999999999871e-01,-1.361099999999999977e+00,2.970699999999999896e+00,-7.557800000000000074e-01,2.918800000000000061e+00,-5.298800000000000177e-01,-1.502199999999999980e+00,-1.750899999999999956e-01,-4.926599999999999646e+00,-2.132800000000000029e+00
-2.884300000000000086e+00,-1.713000000000000078e+00,2.255999999999999783e+00,-6.090499999999999803e-01,-3.138500000000000068e+00,3.157500000000000195e+00,6.266000000000000458e-01,3.902000000000000135e+00,1.019600000000000020e-02,1.067299999999999915e+00,-2.467699999999999783e+00,-2.071400000000000130e+00,2.858000000000000096e+00,-2.790000000000000036e+00,-1.859699999999999964e-01
-2.671999999999999896e-03,-5.394099999999999895e+00,-1.080600000000000005e+00,-2.150100000000000122e+00,-1.362300000000000066e+00,-8.528299999999999770e-01,5.094899999999999984e-01,2.819500000000000117e+00,-6.057099999999999984e-02,2.287900000000000045e+00,-5.363299999999999734e+00,-2.065799999999999859e+00,1.600700000000000012e+00,1.624200000000000088e+00,3.916999999999999815e+00
-2.717699999999999783e+00,-1.147699999999999942e+00,-5.349999999999999645e+00,-1.175999999999999934e+00,-1.632500000000000062e+00,4.500300000000000189e+00,2.244400000000000173e+00,-2.107699999999999907e+00,-1.445599999999999996e+00,2.639400000000000190e+00,-4.254900000000000126e+00,-3.452799999999999869e+00,-1.193700000000000039e-01,3.792100000000000026e+00,-8.556099999999999817e-01
-2.395799999999999930e+00,-2.665299999999999780e+00,-1.074699999999999989e+00,-1.440900000000000070e+00,-2.027800000000000047e+00,3.993500000000000050e+00,3.951799999999999979e+00,-4.481900000000000439e+00,-4.472000000000000419e+00,2.593799999999999883e+00,-1.165399999999999991e+00,-2.384399999999999853e+00,-1.884000000000000119e-01,6.669899999999999718e-01,-2.509399999999999853e+00
-3.800299999999999789e-01,3.523000000000000131e+00,1.134400000000000075e+00,-8.020000000000000462e-01,-2.505900000000000016e+00,3.735100000000000087e+00,9.298399999999999999e-01,-1.796999999999999931e+00,-2.944700000000000095e+00,-2.646499999999999964e-01,2.069100000000000161e+00,5.566600000000000437e-01,-1.565299999999999914e+00,-3.174300000000000122e+00,-3.192299999999999915e+00
-2.581999999999999851e-01,8.392899999999999805e-01,-8.262300000000000200e-01,-8.164400000000000546e-01,1.274299999999999988e+00,-1.126900000000000013e+00,-1.575600000000000056e-01,-1.687799999999999967e+00,-1.471400000000000041e+00,-4.442300000000000360e+00,4.410300000000000331e+00,4.502799999999999692e+00,-2.703599999999999781e+00,-2.025500000000000078e+00,-1.711300000000000043e+00
-3.061800000000000077e-01,-1.619199999999999973e+00,-1.595299999999999940e+00,-1.691400000000000015e+00,3.152699999999999836e+00,-3.425199999999999800e+00,-2.139400000000000190e+00,-3.545100000000000140e+00,-1.277400000000000091e+00,-3.664099999999999913e+00,1.021900000000000031e+00,2.840300000000000047e+00,-4.353900000000000325e+00,-1.961300000000000043e+00,-9.385000000000000286e-02
-5.852100000000000080e-01,1.039700000000000069e+00,-1.208299999999999930e+00,6.777199999999999891e-01,8.647399999999999531e-01,-2.335199999999999942e+00,-3.130300000000000082e+00,-2.254800000000000137e-01,-1.486199999999999966e+00,-2.426400000000000112e+00,-4.243900000000000006e+00,-5.707100000000000506e-01,-3.555599999999999872e-01,-1.048599999999999977e+00,-1.449200000000000044e+00
-7.041600000000000636e-02,3.077700000000000102e+00,1.750899999999999901e+00,2.479600000000000026e+00,-6.039200000000000124e-01,1.566000000000000059e+00,-8.291699999999999626e-01,-8.301699999999999635e-01,6.058499999999999996e-01,6.845200000000000173e-01,-4.599099999999999966e+00,-2.234500000000000153e+00,2.671300000000000008e+00,1.843900000000000095e+00,-1.468599999999999905e+00
3.784200000000000064e-02,7.567199999999999482e-01,2.428300000000000125e+00,9.431599999999999984e-01,-3.321899999999999853e+00,-1.962099999999999955e+00,1.145499999999999963e+00,2.555200000000000138e+00,3.259599999999999831e+00,-1.332899999999999974e+00,2.162900000000000045e+00,7.734499999999999709e-01,-7.382400000000000073e-02,7.826100000000000279e-01,1.026599999999999957e+00
-2.848399999999999821e-01,-6.295200000000000351e+00,8.291199999999999681e-01,-1.314400000000000013e+00,-8.524300000000000210e-01,-2.125799999999999912e+00,-1.787800000000000056e+00,3.422299999999999898e+00,3.095800000000000107e+00,4.178700000000000081e+00,5.004800000000000360e+00,8.609700000000000131e-01,2.453500000000000014e+00,-9.259300000000000308e-01,3.532900000000000151e+00
1.068799999999999972e+00,-1.387000000000000011e+00,-5.387600000000000028e-02,-4.012000000000000011e-01,-1.306499999999999884e-01,-1.905799999999999939e+00,-4.682799999999999740e-01,-1.805199999999999916e+00,-2.696299999999999919e+00,2.348599999999999799e+00,-5.500500000000000389e-01,-4.972599999999999798e-01,-2.894299999999999873e+00,-8.562300000000000466e-01,-2.042300000000000004e+00
1.429000000000000048e+00,3.261000000000000010e-01,1.095599999999999907e+00,2.789200000000000013e-01,-1.031099999999999933e-01,4.168599999999999639e+00,2.649799999999999933e+00,-7.040100000000000247e-01,-2.372700000000000031e+00,-1.049199999999999910e+00,-4.375899999999999679e+00,4.680699999999999861e-01,2.575400000000000134e+00,2.450299999999999923e+00,-2.116299999999999848e+00
1.122900000000000009e+00,-1.117099999999999982e+00,-6.078099999999999614e-01,6.732399999999999496e-01,2.036900000000000099e-01,8.974999999999999645e-02,1.542300000000000004e+00,1.562000000000000055e+00,-9.472000000000000419e-01,-8.444800000000000084e-01,-5.287600000000000078e-01,-1.098700000000000010e+00,2.045799999999999841e+00,3.737299999999999844e+00,3.971799999999999997e+00
4.986400000000000277e-01,-1.304100000000000037e+00,-1.978399999999999936e+00,1.112299999999999955e-01,4.407900000000000151e-01,-2.483699999999999797e+00,-2.190900000000000070e+00,-2.298700000000000188e+00,1.282599999999999962e+00,-1.800899999999999945e+00,1.063199999999999923e+00,-3.768900000000000028e-01,9.783300000000000329e-01,-9.933100000000000263e-01,2.229699999999999793e+00
-2.979599999999999957e-02,-8.468400000000000372e-01,1.876200000000000090e+00,3.016300000000000092e-01,3.648299999999999876e-01,-6.755799999999999583e-01,-2.325600000000000112e+00,-1.320699999999999985e+00,4.304899999999999949e+00,2.184500000000000053e-01,-2.657300000000000217e+00,-1.701999999999999957e+00,-2.435599999999999987e+00,-2.609100000000000197e+00,-3.178400000000000114e-01
-3.612600000000000255e-01,-3.410400000000000098e-01,5.187699999999999534e-01,5.814399999999999569e-01,-7.457000000000000295e-01,-4.667700000000000182e-01,-1.657899999999999929e+00,7.345399999999999707e-01,1.164099999999999996e-01,6.474800000000000555e-01,-4.856500000000000261e-01,1.016799999999999926e+00,-3.599200000000000177e+00,-1.902500000000000024e-01,-1.251200000000000090e+00
1.538299999999999945e-01,-1.663799999999999946e+00,-1.615299999999999958e+00,1.330699999999999994e+00,6.433900000000000174e-01,3.196499999999999897e-01,-6.705699999999999994e-01,3.384500000000000064e+00,9.231300000000000061e-01,2.406299999999999883e+00,9.456400000000000361e-01,-1.032200000000000006e+00,8.581900000000000084e-01,-7.166099999999999692e-01,2.318699999999999928e-01
2.772600000000000176e+00,-1.698499999999999899e+00,1.764799999999999924e+00,1.913899999999999935e+00,-8.465099999999999847e-01,1.917000000000000037e+00,5.874099999999999877e-01,5.675200000000000244e+00,5.695299999999999585e+00,1.020199999999999996e+00,2.047200000000000131e+00,3.127800000000000136e+00,4.769499999999999851e+00,1.677899999999999947e+00,-1.067800000000000082e+00
2.001700000000000035e+00,4.283000000000000362e+00,3.686199999999999921e+00,1.360899999999999999e+00,1.523099999999999898e+00,2.184499999999999886e+00,4.243500000000000050e+00,4.439700000000000202e+00,9.955699999999999550e-01,7.571700000000000097e-01,1.744699999999999918e+00,3.698399999999999910e+00,3.862800000000000011e+00,4.327799999999999869e+00,4.998500000000000165e-01
2.317400000000000126e+00,3.998200000000000198e+00,1.911899999999999933e+00,9.325499999999999901e-01,6.586899999999999977e-01,1.345000000000000084e-01,-9.467900000000000205e-01,-1.526299999999999990e+00,-2.080900000000000194e+00,-3.442899999999999849e+00,2.488500000000000156e+00,2.431400000000000006e+00,-6.705100000000000504e-01,-1.327499999999999902e+00,1.907100000000000017e+00
3.877499999999999836e-01,-1.993700000000000028e+00,4.299600000000000088e-01,2.862400000000000055e+00,2.278399999999999981e+00,-3.263900000000000023e+00,-2.928999999999999826e+00,-4.184899999999999842e+00,-7.033599999999999852e+00,-4.109700000000000131e+00,1.217100000000000071e+00,1.947500000000000009e+00,-1.066300000000000026e+00,2.514400000000000190e+00,4.983799999999999897e-01
5.347199999999999953e+00,9.513700000000000490e-01,-1.316400000000000035e-02,2.364700000000000024e+00,5.231499999999999595e+00,-9.246600000000000374e-01,1.426800000000000068e+00,5.399800000000000155e-01,1.983200000000000074e+00,-1.503700000000000037e+00,8.692199999999999926e-01,-2.818400000000000016e+00,8.991999999999999993e-01,6.172799999999999621e+00,3.101300000000000168e+00
2.277400000000000091e+00,-2.376100000000000101e+00,-1.608200000000000074e+00,-8.601399999999999324e-02,5.264700000000000379e+00,8.883000000000000618e-02,-2.770299999999999985e-01,-1.061800000000000077e+00,-5.674200000000000077e-02,-6.927900000000000169e-01,1.558900000000000008e-01,-2.043800000000000061e+00,1.913699999999999957e+00,3.121300000000000185e+00,6.624400000000000288e-01
5.230900000000000549e-01,1.098500000000000032e+00,3.113799999999999901e-01,-1.927800000000000069e-01,2.351799999999999891e+00,1.170600000000000085e+00,-3.725800000000000001e+00,1.967300000000000049e+00,2.618199999999999861e+00,1.158400000000000096e+00,3.326299999999999812e+00,7.270999999999999686e-02,-5.711899999999999755e-01,-1.761400000000000077e+00,-1.092999999999999972e+00
2.834900000000000198e+00,-1.018899999999999945e-01,1.981100000000000083e+00,1.067800000000000082e+00,4.047700000000000187e-01,2.436900000000000066e+00,1.613300000000000012e-01,2.450400000000000134e+00,1.862500000000000044e+00,3.810099999999999820e+00,-7.172800000000000009e-03,2.004299999999999971e-01,1.967999999999999972e+00,-3.171900000000000275e-01,2.302400000000000002e+00
3.228600000000000136e+00,1.552599999999999980e+00,5.559300000000000352e+00,2.583299999999999930e+00,2.716699999999999893e+00,-1.007800000000000029e+00,-3.412300000000000111e+00,2.636299999999999755e-01,-1.794699999999999962e+00,3.305800000000000072e+00,-1.489700000000000024e+00,-9.588499999999999801e-01,-1.551700000000000079e+00,1.432700000000000085e+00,8.155700000000000172e-01
-1.290699999999999958e+00,-6.674900000000000277e-01,-1.353699999999999903e+00,4.682100000000000151e+00,2.373299999999999965e+00,-2.682599999999999874e+00,3.445300000000000029e+00,-3.407300000000000217e+00,-1.167900000000000049e-01,-1.734299999999999953e+00,-7.395400000000000584e-02,8.859099999999999753e-01,-8.112200000000000522e-01,1.310799999999999965e+00,2.602300000000000058e+00
-5.006000000000000227e+00,2.152099999999999902e+00,-1.054100000000000037e+00,4.225799999999999557e+00,1.583800000000000097e+00,-5.962199999999999722e-01,2.793699999999999850e+00,-8.760700000000000154e-01,3.541900000000000048e+00,5.162299999999999667e-01,1.037600000000000078e+00,2.361200000000000188e+00,-6.557500000000000551e-01,1.433800000000000074e-01,8.939099999999999824e-01
3.308300000000000018e+00,7.754799999999999471e-01,1.320000000000000062e+00,1.225300000000000056e+00,-1.991100000000000092e+00,-9.456599999999999451e-01,4.070299999999999585e+00,2.358299999999999841e+00,-2.933399999999999896e-01,-2.191399999999999793e+00,1.918600000000000083e+00,9.223599999999999577e-01,2.879799999999999915e+00,-9.862400000000000055e-01,-1.259000000000000119e-01
1.384800000000000031e+00,-6.061800000000000521e-01,6.400900000000000478e-01,-3.105999999999999872e-01,-4.075400000000000134e+00,7.212899999999999867e-01,3.005399999999999849e+00,4.800599999999999867e-01,-1.489200000000000079e+00,-1.437300000000000022e+00,-6.572500000000000009e-01,-8.550100000000000477e-01,-1.781800000000000050e+00,-4.861500000000000377e+00,1.665000000000000036e+00
-5.484900000000000331e-01,4.182699999999999640e+00,-6.926499999999999879e-01,-2.664800000000000058e+00,-2.057999999999999829e+00,-1.367299999999999960e+00,1.240299999999999958e+00,-1.639699999999999935e+00,-2.857000000000000206e+00,-1.829299999999999926e+00,8.535599999999999854e-01,4.976099999999999968e-02,1.933599999999999985e+00,-1.792599999999999971e+00,4.442900000000000182e-01
3.058899999999999952e-01,1.279300000000000104e+00,-3.874600000000000266e-02,-2.649500000000000188e+00,-2.067299999999999915e+00,2.771000000000000130e-01,-9.664799999999999780e-02,-3.686700000000000088e+00,-8.792799999999999505e-01,-2.520599999999999952e+00,-7.386000000000000343e-01,2.111800000000000122e+00,2.126100000000000101e+00,-1.084300000000000042e+00,1.146500000000000075e+00
3.300899999999999945e+00,9.100200000000000511e-01,-1.441000000000000059e+00,-2.500700000000000145e+00,1.006499999999999950e+00,-4.193999999999999950e-01,-5.527899999999999814e+00,-1.209100000000000064e+00,-1.400600000000000067e+00,-7.219200000000000061e-01,5.184199999999999919e-01,6.385899999999999910e-01,-1.374200000000000088e+00,-4.915900000000000269e-01,-5.961799999999999738e-02
-7.777899999999999814e-01,-2.080700000000000216e+00,-2.462000000000000188e+00,1.728299999999999947e+00,1.477800000000000002e+00,-8.891499999999999959e-01,-1.079999999999999988e-01,-1.312000000000000055e+00,6.953099999999999836e-01,3.042699999999999960e+00,3.131699999999999928e+00,3.528399999999999981e+00,-1.896200000000000108e+00,-2.035000000000000142e+00,-1.948199999999999932e+00
-6.068100000000000271e+00,-5.283299999999999663e+00,-1.857399999999999940e+00,-2.181799999999999962e+00,2.544900000000000162e+00,3.289199999999999902e-01,1.017400000000000082e+00,2.224800000000000111e+00,1.097800000000000109e+00,2.615600000000000147e+00,1.434699999999999864e-01,-2.681200000000000250e-01,-4.683999999999999830e-01,-1.790699999999999958e+00,-2.429499999999999993e+00
-5.364600000000000257e+00,-1.541500000000000092e+00,-4.311899999999999622e+00,-5.357199999999999740e+00,1.399699999999999944e+00,2.926199999999999912e-01,1.337699999999999889e+00,-4.467499999999999805e-01,3.613599999999999923e+00,-1.061700000000000005e-01,-1.321900000000000075e+00,3.302900000000000169e+00,-8.435899999999999510e-01,2.646300000000000097e+00,-1.191899999999999959e+00
-2.752800000000000136e+00,-7.709599999999999786e-01,-1.817199999999999926e+00,-1.011800000000000033e+00,-2.844100000000000072e+00,1.035800000000000054e+00,-2.583000000000000185e+00,-2.288899999999999935e+00,2.200699999999999878e+00,3.439799999999999969e+00,1.686800000000000077e+00,3.199300000000000033e+00,-1.117499999999999938e+00,4.487400000000000055e+00,-3.490500000000000269e-01
-1.490899999999999892e+00,5.219999999999999751e+00,-8.076999999999999735e-01,1.199999999999999956e+00,-1.932399999999999951e-01,2.346999999999999920e-01,-5.166999999999999815e+00,-1.142800000000000038e+00,6.987200000000000355e-02,-3.301799999999999735e-01,5.311200000000000365e+00,1.032499999999999973e+00,-3.310299999999999909e-01,1.598600000000000021e-01,1.546000000000000041e+00
-2.703500000000000014e+00,1.446800000000000086e+00,-1.369899999999999896e+00,-1.765900000000000025e+00,-2.868500000000000050e+00,1.768200000000000049e-01,-5.647400000000000198e+00,-4.910400000000000098e+00,-1.353499999999999925e+00,7.123199999999999671e-03,1.769900000000000029e+00,4.527900000000000258e-01,-5.524699999999999750e-02,-2.897499999999999964e+00,-1.633699999999999930e+00
-2.019299999999999873e+00,-4.905100000000000016e+00,4.156499999999999778e-02,-3.284400000000000208e+00,-2.988100000000000200e+00,9.028000000000000469e-01,-2.119299999999999962e+00,-6.458899999999999642e-01,-3.994600000000000151e+00,-2.568199999999999927e-01,1.796499999999999986e+00,-8.038899999999999935e-01,-3.918000000000000149e+00,-3.564599999999999991e+00,-5.023100000000000342e-01
-1.743600000000000039e+00,5.393799999999999706e-01,1.881000000000000005e+00,-2.625199999999999978e+00,-2.590300000000000047e+00,-7.539000000000000146e-01,-2.790500000000000203e+00,-1.339199999999999946e+00,-1.733100000000000085e+00,-1.795299999999999896e+00,-2.039400000000000102e-01,-2.571000000000000174e+00,3.067800000000000082e+00,-4.685199999999999781e-02,-6.904500000000000082e-01
-1.451200000000000045e+00,-8.650299999999999656e-01,2.265399999999999914e-01,-1.178399999999999892e+00,-3.495400000000000063e+00,1.222299999999999942e+00,-3.017599999999999727e-01,-1.829099999999999893e-01,-8.212000000000000410e-01,7.536399999999999766e-01,-3.818700000000000205e+00,-2.563200000000000145e+00,2.511600000000000055e+00,-3.415400000000000102e-01,-1.976399999999999935e+00
3.360899999999999999e-01,-2.741499999999999826e+00,-1.680199999999999916e+00,-1.858600000000000030e+00,-1.161599999999999966e+00,6.242600000000000371e+00,2.066699999999999982e+00,1.366700000000000026e+00,-3.057799999999999963e-01,1.043199999999999905e+00,-6.714200000000000168e-01,-2.470299999999999940e+00,-2.094800000000000217e+00,-5.035100000000000131e-01,-5.034199999999999786e-02
-6.870600000000000041e-01,-1.220599999999999907e+00,-9.016999999999999460e-01,-1.668500000000000094e+00,-4.388400000000000079e-01,4.516399999999999970e+00,4.341200000000000059e-01,3.059699999999999864e+00,-4.400100000000000122e-01,7.351199999999999957e-01,-5.431700000000000417e-01,-1.397100000000000009e+00,2.537099999999999911e-01,-1.325700000000000101e+00,5.429599999999999982e-01
-5.516400000000000192e-01,-1.054499999999999993e+00,4.597600000000000020e-01,-2.790599999999999969e+00,-1.741300000000000070e-01,8.603800000000000336e-01,2.298799999999999955e+00,1.577499999999999902e+00,-3.035499999999999865e+00,1.833199999999999941e+00,-2.137799999999999923e+00,-2.699800000000000200e+00,1.664800000000000058e+00,1.260999999999999899e+00,-1.183100000000000041e+00
1.739900000000000002e+00,-7.920499999999999763e-02,-2.049099999999999880e-02,2.441199999999999815e+00,1.381799999999999917e+00,-1.248200000000000004e-02,2.674799999999999844e+00,2.835900000000000087e+00,1.660400000000000098e+00,-1.483000000000000096e+00,-2.654999999999999805e+00,-2.287399999999999878e+00,-7.551600000000000534e-01,6.360099999999999643e-01,-2.005599999999999883e-01
2.544399999999999995e+00,2.001399999999999846e+00,-9.001099999999999657e-01,3.326000000000000068e+00,2.386299999999999866e+00,-3.910200000000000120e+00,2.105900000000000105e+00,2.866600000000000037e+00,-3.496600000000000263e-01,-1.584699999999999998e+00,-1.158500000000000085e+00,1.430099999999999927e+00,-1.731300000000000061e-01,5.002400000000000180e-01,4.458599999999999786e-01
6.952899999999999636e-01,3.123400000000000176e+00,3.756800000000000139e+00,2.904500000000000082e+00,2.419799999999999951e+00,-2.436399999999999899e+00,-1.833099999999999952e+00,1.538100000000000023e+00,4.105000000000000426e+00,-3.093699999999999783e-01,-8.532100000000000239e-01,-6.000600000000000378e-01,-6.900500000000000522e-01,-2.307099999999999984e-01,-1.171100000000000030e+00
2.059800000000000075e+00,1.313800000000000079e+00,4.949200000000000266e+00,1.175499999999999989e+00,-1.051099999999999908e-03,2.428500000000000103e-01,6.600300000000000611e-02,1.244499999999999940e+00,9.917799999999999949e-01,5.678800000000000514e-01,-1.622000000000000108e+00,-9.675500000000000211e-01,1.221600000000000047e-01,3.714599999999999902e+00,2.811700000000000088e+00
-1.044400000000000051e-01,-3.114999999999999991e-01,1.516699999999999937e+00,-1.950399999999999912e+00,1.898200000000000109e+00,3.215100000000000069e+00,2.973800000000000221e+00,1.346000000000000085e+00,4.196399999999999686e+00,4.980800000000000338e+00,-8.770999999999999908e-01,-4.666599999999999915e-02,-2.169300000000000117e-01,2.536000000000000032e+00,-3.056599999999999873e-01
-1.044500000000000012e-01,1.920099999999999918e+00,9.170099999999999918e-01,-1.752099999999999991e+00,3.460199999999999942e+00,2.604999999999999982e+00,2.010500000000000065e-01,1.276999999999999913e+00,1.309299999999999908e+00,2.112499999999999933e-01,1.832199999999999940e-01,1.253300000000000081e+00,3.598399999999999932e-01,-3.426499999999999879e+00,9.802300000000000457e-01
1.232399999999999940e+00,2.346400000000000041e+00,-2.758799999999999919e+00,-1.595399999999999929e+00,-3.625900000000000123e+00,-4.206299999999999706e+00,-1.086100000000000065e+00,6.308599999999999763e-01,-3.914499999999999869e+00,-4.345399999999999707e+00,-3.215399999999999925e-01,-1.215600000000000014e+00,-4.890900000000000247e+00,-3.720299999999999940e+00,1.442900000000000071e+00
2.113299999999999901e-01,-1.659799999999999942e+00,-3.070399999999999796e+00,-2.879399999999999959e+00,-5.015100000000000335e+00,-6.542699999999999960e+00,-1.394200000000000106e+00,-1.183499999999999996e+00,1.320400000000000018e+00,-2.022100000000000009e+00,9.509199999999999875e-01,-7.966800000000000548e-01,-4.518399999999999750e+00,-1.783900000000000041e+00,-2.212000000000000188e+00
1.554000000000000048e+00,1.433899999999999952e+00,2.516300000000000203e+00,7.780299999999999994e-01,1.338600000000000068e-01,-3.236299999999999955e+00,-2.922099999999999920e+00,1.046599999999999975e+00,4.052299999999999791e+00,-1.220900000000000041e-01,5.643099999999999561e+00,3.044899999999999829e-01,-9.671100000000000529e-02,1.355499999999999927e+00,4.490499999999999936e+00
4.998499999999999943e+00,5.429000000000000270e+00,3.651499999999999968e+00,7.159699999999999953e-01,2.792199999999999793e+00,-1.526899999999999924e+00,-6.498199999999999532e-01,-1.422599999999999976e-01,6.043899999999999828e-01,-8.868500000000000272e-01,1.847099999999999964e+00,1.544799999999999951e+00,2.326299999999999812e+00,3.229699999999999793e+00,1.542599999999999971e+00
6.654999999999999805e-01,6.735999999999999766e-01,-7.444600000000000106e-01,-1.342899999999999983e+00,6.727899999999999991e-01,-3.203900000000000081e-01,-2.224899999999999878e+00,-3.508100000000000218e+00,-1.567499999999999893e+00,-8.412800000000000278e-01,-2.697599999999999998e+00,2.359999999999999876e+00,-1.121899999999999897e+00,2.462200000000000166e+00,-1.704099999999999948e+00
-1.401600000000000068e-01,-2.415099999999999802e+00,-2.720800000000000107e+00,-1.654600000000000071e+00,-1.489999999999999991e+00,-1.328300000000000036e+00,1.809600000000000097e+00,-1.081399999999999917e+00,-2.272299999999999986e+00,-1.487400000000000055e+00,-2.192400000000000126e+00,-6.643000000000000016e-01,-2.986600000000000144e+00,-2.818599999999999994e+00,-1.344400000000000039e+00
-2.632699999999999818e+00,9.330199999999999605e-02,-1.847599999999999909e+00,-6.253100000000000325e-01,-1.923899999999999944e+00,-5.073199999999999932e-01,-1.946400000000000075e-01,-4.430200000000000249e-01,-3.657099999999999795e+00,-8.377400000000000402e-01,-1.315199999999999925e+00,-1.716399999999999926e+00,-1.774499999999999966e+00,-3.805899999999999839e+00,-3.710900000000000087e+00
-8.826000000000000512e-01,2.112899999999999778e+00,1.965300000000000047e+00,2.610399999999999832e+00,-8.443599999999999994e-01,4.007200000000000206e-01,-1.502999999999999892e-01,-1.068899999999999961e+00,-8.306999999999999940e-01,5.353900000000000325e-02,-9.658900000000000263e-01,2.500999999999999890e+00,3.625900000000000123e+00,-6.708600000000000119e-01,8.119600000000000428e-02
6.883299999999999974e-01,3.990400000000000058e-01,4.885900000000000354e+00,2.580299999999999816e+00,-1.840400000000000091e-01,1.102899999999999991e+00,1.917000000000000037e+00,2.452999999999999847e+00,-1.097400000000000042e-01,1.636800000000000033e+00,-6.531299999999999883e-01,6.333299999999999486e-01,4.574799999999999756e+00,-1.504099999999999882e-01,-6.081500000000000100e-02
4.562899999999999956e+00,1.534100000000000019e+00,2.930299999999999905e+00,2.297899999999999832e+00,1.279800000000000049e+00,-8.021200000000000552e-01,2.079699999999999882e+00,2.837600000000000122e+00,4.792899999999999938e-01,3.665700000000000180e+00,-2.979699999999999793e+00,-1.994899999999999896e+00,2.807100000000000151e+00,3.755799999999999805e+00,1.564699999999999980e+00
-2.326799999999999979e-01,1.681400000000000006e+00,2.402400000000000091e+00,3.112200000000000077e+00,4.839800000000000324e+00,-1.218499999999999917e+00,1.265500000000000069e+00,3.227100000000000080e+00,1.973100000000000076e+00,-4.238899999999999890e-01,-7.854100000000000525e-01,3.009299999999999753e-01,6.016000000000000014e+00,4.469199999999999839e+00,1.826600000000000001e+00
-2.361600000000000144e+00,2.284800000000000164e+00,4.777600000000000180e-01,4.057399999999999896e-01,4.235800000000000232e+00,-1.257400000000000073e+00,5.611200000000000188e+00,4.669100000000000250e+00,6.238899999999999446e-01,3.489199999999999857e+00,3.600400000000000267e-01,-3.030600000000000183e+00,2.520000000000000018e+00,8.307400000000000340e-01,-3.213499999999999801e+00
-7.394100000000000117e-01,-3.515200000000000102e+00,-2.407900000000000151e+00,-2.288300000000000001e+00,-2.931900000000000173e+00,3.661900000000000155e+00,6.858699999999999797e-01,-1.706800000000000095e+00,-2.893399999999999861e-01,4.485899999999999999e+00,-7.867600000000000149e-01,3.124600000000000044e+00,-1.778599999999999959e+00,-2.418400000000000105e+00,-2.045100000000000140e+00
-1.212800000000000100e+00,-4.481099999999999639e+00,-3.668299999999999894e+00,-1.293099999999999916e+00,-2.827199999999999935e+00,6.241299999999999626e-01,-3.244400000000000062e-01,-1.235899999999999999e+00,1.879199999999999982e+00,5.442900000000000515e-01,4.957900000000000085e-01,3.028500000000000192e+00,-3.401399999999999979e-01,-2.624800000000000022e+00,-1.360999999999999988e-01
9.437600000000000156e-02,-3.240699999999999914e+00,-3.669900000000000162e+00,-1.491600000000000037e+00,-1.550699999999999967e+00,-1.548599999999999977e+00,-5.872399999999999842e-01,-3.301699999999999857e+00,-1.654300000000000104e+00,-3.700200000000000156e+00,-2.021399999999999864e-01,-1.087699999999999889e+00,-6.840899999999999759e-01,-1.269700000000000051e+00,1.811600000000000099e+00
3.372199999999999864e+00,4.000499999999999723e+00,-2.163499999999999979e+00,3.610599999999999921e-01,-4.110099999999999865e-01,1.248899999999999899e+00,6.050999999999999712e-01,-2.953800000000000203e+00,-3.510600000000000165e+00,-3.540700000000000180e+00,1.840600000000000014e+00,-2.245899999999999785e+00,-2.778000000000000025e+00,3.361899999999999888e+00,1.877899999999999903e+00
-2.384799999999999975e-01,2.275900000000000034e+00,-1.227999999999999980e+00,1.028599999999999959e+00,3.028999999999999915e+00,1.137599999999999945e+00,2.098700000000000010e+00,-2.179899999999999949e+00,-9.224899999999999420e-03,-9.635399999999999521e-01,5.373300000000000409e+00,-4.319399999999999906e-01,3.301299999999999790e-01,-1.707600000000000007e+00,7.146299999999999875e-01
-3.515800000000000036e+00,3.010800000000000143e+00,5.488199999999999745e-01,1.876100000000000101e+00,1.872100000000000097e+00,-4.786599999999999744e-01,1.005500000000000005e-01,-1.390900000000000025e+00,-9.053499999999999881e-01,3.240600000000000147e-01,5.275000000000000355e+00,-2.308499999999999996e-01,-2.498100000000000043e-01,-2.157300000000000217e+00,1.006599999999999995e-01
-2.731399999999999828e+00,-1.265300000000000091e+00,-5.325900000000000079e-01,4.839700000000000113e-01,-6.836299999999999599e-01,-4.257199999999999873e-01,9.626900000000000457e-01,-1.461999999999999966e+00,-2.623200000000000198e+00,1.836000000000000076e+00,4.601399999999999935e-01,-8.171300000000000230e-01,-2.711800000000000210e+00,-4.905900000000000261e-01,-5.968999999999999861e-01
2.137300000000000200e+00,-2.039899999999999824e+00,-2.033599999999999852e+00,2.480500000000000149e+00,-8.732900000000000107e-01,1.029700000000000060e+00,3.318700000000000205e+00,-2.642499999999999849e-01,-2.474200000000000010e-01,2.698500000000000121e+00,-4.508700000000000152e+00,-3.901600000000000179e+00,3.673799999999999844e-01,-1.702199999999999935e+00,-7.521099999999999453e-01
8.360600000000000254e-01,-8.998500000000000387e-01,-4.886699999999999933e-01,1.412500000000000089e+00,-1.124300000000000077e+00,4.137900000000000134e+00,5.777199999999999669e+00,4.248199999999999754e+00,1.585099999999999953e+00,3.623400000000000176e+00,-2.369099999999999984e+00,-1.132300000000000084e+00,2.963999999999999968e+00,3.070199999999999818e+00,-2.552800000000000069e-01
-3.396599999999999842e+00,2.307999999999999829e+00,2.428700000000000081e+00,1.853399999999999936e+00,5.678499999999999659e-01,4.893000000000000127e-01,3.280100000000000238e-01,2.826400000000000023e+00,1.499600000000000100e-01,3.114900000000000002e+00,-1.772599999999999953e+00,-4.747899999999999898e-01,1.772399999999999975e+00,5.087800000000000100e-01,1.460399999999999920e+00
-1.141699999999999937e+00,-2.615899999999999892e+00,4.222000000000000419e+00,-9.552100000000000035e-01,-2.142799999999999816e+00,4.171400000000000108e-01,-2.455200000000000049e+00,-2.834400000000000031e+00,-9.665200000000000458e-01,-8.152900000000000424e-02,-1.612200000000000077e+00,-2.327200000000000102e-01,1.439899999999999958e+00,-1.115199999999999969e+00,-6.127599999999999714e-01
3.386899999999999800e+00,-2.011400000000000077e+00,-2.537399999999999878e+00,-1.383600000000000108e-01,2.486000000000000210e+00,1.596000000000000085e+00,3.291299999999999781e-01,-1.903999999999999915e+00,1.405100000000000016e+00,-1.731300000000000061e-01,-2.414600000000000080e-01,-3.557000000000000162e-01,5.968999999999999861e-01,1.315500000000000003e-01,1.661599999999999966e+00
1.502799999999999914e+00,-1.358800000000000008e+00,-2.304899999999999949e+00,-1.626100000000000101e+00,3.799100000000000144e+00,-5.366199999999999859e-01,2.783300000000000218e-01,3.375500000000000167e+00,2.088900000000000201e+00,-1.899599999999999955e+00,3.022499999999999964e+00,-9.639900000000000135e-01,2.516300000000000203e+00,-5.338199999999999612e-01,-7.999800000000000244e-01
-7.900300000000000100e-01,-2.613100000000000200e+00,-1.342600000000000016e+00,7.708599999999999897e-01,-8.777500000000000302e-01,-5.811399999999999899e-01,-1.744499999999999940e+00,1.003400000000000070e+00,-1.602500000000000036e+00,-6.283900000000000041e+00,3.478400000000000158e+00,2.541300000000000114e+00,-2.312399999999999789e+00,6.202199999999999935e-01,-2.651100000000000012e+00
-3.444900000000000073e+00,-4.879900000000000126e+00,-1.830899999999999972e+00,8.538400000000000434e-01,-2.660499999999999865e+00,-1.476699999999999902e+00,1.167899999999999938e+00,-2.735500000000000043e+00,-1.417999999999999927e+00,-5.675499999999999989e-01,-9.560300000000000464e-01,-5.135399999999999965e-01,-4.938100000000000378e+00,-6.819100000000000161e-01,-2.763100000000000112e+00
-1.195699999999999985e+00,-2.548799999999999955e+00,-3.853599999999999803e-01,1.403399999999999981e+00,-8.404500000000000304e-01,3.602199999999999847e+00,3.936399999999999899e-01,-7.403999999999999471e-01,3.199300000000000033e+00,-1.344500000000000028e+00,-4.332699999999999996e+00,1.200199999999999934e+00,-1.903000000000000025e+00,-6.364499999999999602e-01,-2.543000000000000149e+00
1.413000000000000034e+00,-1.757600000000000051e+00,-6.777500000000000191e-02,-1.990399999999999947e+00,-2.217200000000000060e+00,-8.012399999999999523e-01,-4.643300000000000205e-01,6.251600000000000212e-02,5.835700000000000109e+00,-3.921400000000000219e+00,-1.871399999999999952e+00,6.139799999999999702e-01,-9.976300000000000168e-01,3.858800000000000008e-01,-1.092799999999999994e+00
-9.218300000000000383e-01,-1.052400000000000002e+00,5.810999999999999499e-01,-1.554300000000000015e+00,-3.088499999999999801e+00,-1.131199999999999983e+00,-3.683399999999999785e+00,-3.033700000000000063e+00,1.705899999999999972e+00,-1.852899999999999991e+00,-1.679400000000000004e+00,1.685300000000000131e-01,1.528399999999999981e+00,4.258700000000000152e+00,1.259800000000000086e-01
