-2.482899999999999885e+00,-3.210500000000000131e+00,-1.725300000000000056e+00,-3.626199999999999868e+00,-2.317400000000000126e+00,-1.813800000000000079e+00,-1.226699999999999902e+00,-3.189099999999999824e+00,5.472199999999999981e-02,-3.255799999999999805e-01,-4.500899999999999901e-01,-2.102100000000000080e+00,-1.949500000000000011e+00,-3.210300000000000153e+00,-2.122300000000000075e+00
-5.497300000000000519e-01,-1.140600000000000058e+00,-3.241400000000000059e+00,-7.118399999999999728e-02,-1.897599999999999953e+00,2.083600000000000119e+00,2.002099999999999991e+00,-1.183799999999999963e+00,3.180200000000000138e+00,2.484900000000000109e+00,-5.355999999999999650e-01,-1.598200000000000065e+00,2.641199999999999992e+00,1.267300000000000093e-01,-5.349599999999999911e-01
-9.123099999999999543e-01,-9.786299999999999999e-01,-6.376899999999999791e-01,4.570499999999999910e-03,-6.878100000000000325e-01,1.264799999999999924e+00,3.066399999999999793e+00,5.085799999999999876e+00,3.605700000000000127e+00,-1.115799999999999903e+00,-2.375100000000000211e+00,-5.659499999999999531e-01,4.080899999999999750e+00,3.049700000000000077e+00,-3.553299999999999792e-01
-4.473099999999999854e-01,1.468599999999999905e-01,2.294200000000000017e+00,-1.963799999999999990e+00,-1.233200000000000074e+00,-5.306100000000000261e-01,-1.190499999999999892e+00,1.453799999999999981e+00,-2.850600000000000023e+00,-2.379999999999999893e+00,-1.840500000000000025e+00,-4.468300000000000050e-01,-4.003199999999999648e+00,8.786399999999999766e-01,4.891299999999999815e-02
4.415100000000000136e-01,2.307100000000000151e+00,4.007900000000000240e+00,1.861099999999999977e+00,2.789699999999999958e-01,-1.956199999999999883e-01,-3.713999999999999968e+00,2.596899999999999764e-01,-1.748699999999999921e+00,2.251599999999999824e+00,-1.465600000000000014e+00,-7.626100000000000101e-01,-1.398500000000000076e+00,-8.378999999999999782e-01,-5.083100000000000396e-01
1.596200000000000063e+00,1.030299999999999994e+00,2.809600000000000097e+00,2.849700000000000011e-01,4.440299999999999803e-01,-5.167599999999999971e-01,-1.003200000000000092e+00,-4.483300000000000063e-01,-1.660400000000000098e+00,2.710700000000000109e+00,2.682100000000000151e+00,-6.216000000000000414e-01,-6.214199999999999724e-01,-1.690399999999999903e+00,-1.633000000000000007e+00
8.592199999999999838e-01,-3.750600000000000045e-01,-3.125799999999999912e+00,-1.078500000000000014e+00,5.015300000000000313e-01,1.590799999999999992e+00,1.324899999999999967e+00,-3.334799999999999986e+00,8.148300000000000542e-01,-1.567199999999999926e+00,6.961399999999999533e-02,8.833600000000000341e-01,1.292499999999999982e+00,-1.344400000000000039e+00,-2.041900000000000048e+00
6.982799999999999944e-03,-7.638700000000000490e-01,-2.438000000000000167e+00,-5.648399999999999949e-02,6.670199999999999463e-01,1.151999999999999913e+00,6.604299999999999615e-01,-1.900500000000000078e+00,1.205699999999999966e-01,-5.423400000000000443e-01,3.613900000000000112e+00,3.696099999999999941e+00,-2.613699999999999912e-01,-3.099399999999999933e-01,2.913300000000000001e+00
1.429100000000000092e-01,-6.838999999999999524e-01,-8.216499999999999915e-01,-3.462700000000000222e-01,8.683499999999999552e-01,-2.958200000000000163e+00,-6.810399999999999787e-01,-7.872700000000000253e-01,-1.941100000000000048e+00,2.580099999999999838e+00,1.751800000000000024e+00,3.262900000000000134e+00,-4.123499999999999943e+00,-4.322300000000000031e-01,-1.580600000000000060e-01
7.657699999999999507e-01,1.225999999999999979e+00,-1.159499999999999940e-02,2.324900000000000022e-01,1.231800000000000006e+00,-1.120200000000000085e+00,-3.319799999999999862e+00,-1.751600000000000046e+00,2.280600000000000127e-01,1.024799999999999933e+00,-6.317099999999999937e-01,6.382299999999999605e-03,-3.165700000000000180e+00,5.293999999999999817e-01,8.270899999999999919e-01
3.318099999999999938e-01,-5.375400000000000178e-01,-6.855499999999999927e-01,2.140200000000000102e+00,1.397199999999999998e+00,2.689300000000000024e-01,3.344100000000000072e+00,5.628400000000000070e-01,7.810500000000000220e-01,1.520799999999999930e-01,-1.310200000000000080e-02,1.068799999999999972e+00,1.165000000000000036e+00,2.120000000000000107e+00,4.503000000000000114e+00
4.906299999999999883e+00,2.621399999999999952e+00,-2.535600000000000007e-02,2.172699999999999854e+00,3.906200000000000117e+00,3.675200000000000133e-01,1.637999999999999901e+00,2.504799999999999915e+00,-1.313499999999999890e+00,-9.407499999999999751e-01,1.558300000000000018e+00,1.633199999999999985e+00,2.849200000000000177e+00,2.987699999999999800e+00,1.764000000000000012e+00
2.337400000000000144e+00,2.403300000000000214e+00,-1.456900000000000084e+00,-7.205300000000000038e-01,2.566399999999999793e+00,-3.053999999999999826e+00,8.518299999999999483e-02,2.763599999999999834e+00,-1.466699999999999893e+00,-2.739399999999999835e+00,-5.429699999999999527e-01,-3.239600000000000257e-01,-1.355599999999999916e+00,2.489500000000000046e+00,2.947499999999999787e+00
-1.572599999999999998e+00,-1.661999999999999922e+00,-2.655100000000000238e-01,4.454500000000000348e+00,1.732100000000000029e-01,1.665800000000000058e-01,1.124200000000000088e+00,2.059499999999999886e+00,1.414400000000000102e+00,7.228799999999999670e-01,2.246799999999999908e-01,-2.854800000000000004e+00,1.821700000000000097e+00,-4.880300000000000193e-01,1.312699999999999978e+00
-2.326000000000000068e+00,-2.867999999999999994e-01,3.927200000000000024e+00,4.031600000000000072e+00,7.356099999999999861e-01,3.452599999999999891e+00,1.103799999999999892e+00,2.831300000000000150e+00,7.232800000000000340e-01,-1.248399999999999954e+00,-2.295100000000000140e+00,-2.904900000000000260e-01,1.870800000000000018e+00,-8.566500000000000226e-01,-1.365899999999999892e+00
-7.262999999999999456e-01,1.407499999999999973e+00,4.711199999999999832e+00,3.485300000000000065e+00,-1.970299999999999940e+00,4.356900000000000217e-01,-2.526899999999999924e+00,1.608100000000000085e+00,-2.091899999999999871e+00,-3.865099999999999980e+00,-4.741099999999999759e-01,1.827800000000000091e+00,2.032899999999999985e-01,-8.172199999999999465e-01,-4.631299999999999861e-01
7.041699999999999349e-02,6.000700000000000145e+00,-1.636100000000000054e-01,2.292100000000000026e+00,6.725700000000000012e-01,2.397499999999999909e-01,-6.945400000000000462e-01,-1.915999999999999925e+00,-1.522599999999999953e+00,-2.464500000000000135e+00,2.088400000000000034e+00,2.367799999999999905e+00,1.697699999999999987e+00,4.039500000000000035e-02,3.700800000000000090e+00
2.060999999999999943e+00,4.644599999999999618e+00,9.771699999999999831e-01,-2.568799999999999972e+00,1.264799999999999924e+00,-8.502499999999999503e-01,2.672400000000000109e+00,1.542300000000000004e+00,3.439499999999999780e+00,9.472300000000000164e-01,1.125699999999999923e+00,2.917499999999999982e+00,1.226699999999999902e+00,1.280499999999999972e+00,1.551700000000000024e-01
-1.356400000000000050e+00,3.953399999999999803e+00,1.594500000000000028e+00,-1.279600000000000071e+00,-1.973999999999999977e+00,-2.408900000000000041e+00,-1.264100000000000001e+00,-6.402799999999999603e-01,6.739000000000000545e-01,1.831700000000000106e+00,7.403499999999999526e-01,-1.114000000000000101e+00,-6.064899999999999736e-01,-2.518699999999999828e-01,-1.321099999999999941e+00
-1.198700000000000099e+00,-3.525300000000000100e+00,-1.425499999999999989e+00,-2.611800000000000122e+00,-1.384100000000000108e+00,1.595399999999999929e+00,-1.360899999999999999e+00,1.871199999999999974e+00,7.213699999999999557e-01,-1.648900000000000032e+00,3.555499999999999883e+00,-5.941999999999999504e-01,5.318200000000000038e+00,1.535199999999999898e-01,-7.390099999999999447e-01
-8.171300000000000230e-01,-1.119799999999999907e+00,4.478600000000000136e+00,1.205600000000000005e+00,-4.179800000000000182e-01,4.004900000000000126e+00,-3.789899999999999936e-01,-2.668400000000000216e-01,-3.764299999999999979e+00,1.221799999999999969e-01,-1.295400000000000107e+00,-1.453300000000000036e+00,3.165299999999999780e+00,1.722199999999999953e+00,-1.729300000000000059e+00
-2.356199999999999961e-01,-7.546600000000000530e-02,1.413699999999999957e+00,9.630600000000000271e-01,7.321499999999999675e-01,-1.987900000000000000e+00,-3.286500000000000199e+00,-2.358299999999999841e+00,-1.428399999999999892e+00,-6.364300000000000512e-01,-1.516199999999999992e+00,-1.334400000000000031e+00,9.579400000000000137e-01,1.222900000000000098e+00,5.911800000000000388e-01
-7.128900000000000237e-01,-3.326299999999999812e+00,-1.702700000000000102e+00,-1.823099999999999943e+00,-1.350000000000000089e+00,-5.663700000000000401e-01,-2.735399999999999832e+00,-1.983999999999999986e+00,4.727899999999999880e-01,-3.549199999999999910e+00,-8.830099999999999616e-01,-7.862400000000000500e-01,-3.717099999999999849e+00,-1.122400000000000064e-01,-2.823300000000000143e+00
-4.483199999999999685e-02,-2.677299999999999791e+00,1.034000000000000030e+00,1.857099999999999973e+00,4.037700000000000067e+00,-2.263300000000000090e+00,2.874000000000000110e+00,4.382599999999999690e-02,-7.083800000000000097e-01,5.541800000000000059e-01,-6.315499999999999448e-01,-2.427900000000000169e+00,1.107999999999999957e-01,-1.963200000000000056e+00,-1.277199999999999891e+00
2.193999999999999950e+00,-2.904900000000000038e+00,-2.640499999999999847e+00,-3.196999999999999842e-01,2.301099999999999923e+00,5.507900000000000018e-01,4.814500000000000030e-02,1.797800000000000065e+00,3.308899999999999952e+00,2.003699999999999815e+00,-8.786599999999999966e-01,-1.151299999999999990e+00,1.745700000000000029e+00,-2.552299999999999791e+00,-6.779300000000000326e-01
1.195900000000000019e-01,-2.190700000000000092e+00,-3.693700000000000205e+00,-9.370600000000000041e-01,2.943299999999999805e-01,-1.397999999999999909e+00,-1.838200000000000056e+00,7.696499999999999453e-01,-7.435799999999999355e-02,2.483400000000000052e+00,-7.275800000000000045e-01,-7.948899999999999855e-01,-3.039800000000000058e+00,-1.241900000000000004e+00,-2.267399999999999860e+00
-2.475400000000000045e+00,8.658000000000000140e-01,-2.892399999999999860e+00,-4.364899999999999558e+00,-1.908400000000000096e+00,5.770499999999999935e-02,1.230299999999999949e+00,-1.464499999999999913e+00,-1.328200000000000047e+00,2.752600000000000158e+00,-1.503500000000000114e-01,2.454600000000000115e-01,-5.372899999999999565e+00,-2.340800000000000214e+00,-3.389499999999999957e+00
-1.273200000000000109e+00,5.923199999999999993e-02,-1.667499999999999982e+00,-3.557900000000000063e+00,1.788999999999999924e+00,1.007700000000000040e+00,4.964699999999999669e+00,-3.028999999999999915e+00,1.907099999999999906e-01,8.044900000000000384e-01,7.844600000000000461e-01,9.860499999999999821e-01,-1.897199999999999998e+00,-2.641199999999999992e+00,-1.677599999999999980e+00
3.642500000000000071e+00,3.597400000000000042e-01,-1.175999999999999934e+00,-2.340599999999999792e+00,3.657000000000000028e+00,-1.542100000000000137e-01,1.361799999999999899e+00,-2.801899999999999835e+00,-2.238100000000000200e+00,-2.514800000000000146e+00,6.671500000000000208e-01,-8.186599999999999433e-02,-1.963200000000000056e+00,-2.731500000000000039e+00,3.953400000000000247e-01
2.271300000000000097e+00,2.931700000000000195e+00,1.798100000000000032e+00,-1.553199999999999914e+00,1.012399999999999967e+00,-2.669900000000000162e+00,-2.580999999999999961e+00,1.202599999999999891e+00,1.411699999999999955e+00,-1.876100000000000101e+00,3.022900000000000031e-01,6.978199999999999958e-01,-2.523299999999999849e-02,1.349099999999999966e+00,-1.264899999999999913e+00
-2.847700000000000120e+00,2.411599999999999966e+00,-8.961700000000000221e-01,-7.876400000000000068e-01,-2.213799999999999990e+00,3.862099999999999977e-01,-3.836899999999999977e+00,-2.247399999999999842e+00,-5.494999999999999885e-01,-1.324500000000000011e+00,1.693999999999999950e+00,2.711699999999999999e+00,5.973199999999999621e-01,2.085399999999999920e+00,2.929399999999999782e+00
2.793999999999999817e-01,-1.882800000000000029e+00,-2.069500000000000117e+00,-3.335700000000000109e+00,-1.980799999999999894e+00,1.098600000000000021e+00,1.574600000000000000e+00,-1.395100000000000007e+00,-6.286600000000000521e-02,-1.407799999999999885e-01,3.163400000000000212e+00,1.533900000000000041e+00,-2.328199999999999825e+00,-7.708500000000000352e-01,-6.026500000000000190e-01
2.539699999999999736e-01,1.807100000000000095e-01,1.163799999999999946e+00,3.878400000000000181e-01,-3.044200000000000017e+00,-1.199300000000000033e+00,2.942000000000000171e-01,3.845400000000000207e-02,3.997900000000000009e+00,3.671600000000000197e+00,5.759699999999999820e-01,-8.819000000000000172e-01,-6.903700000000000392e-01,-8.002099999999999769e-01,-2.403500000000000081e-01
-3.105800000000000227e-01,-9.091099999999999737e-01,-2.485800000000000162e-02,2.110300000000000065e+00,-5.522499999999999964e+00,7.234800000000000120e-01,-2.774500000000000188e+00,7.968100000000000183e-01,6.393799999999999706e+00,3.587299999999999933e+00,-4.501999999999999780e+00,-1.963899999999999979e+00,5.466800000000000104e+00,2.023400000000000087e+00,4.030299999999999994e-01
3.986299999999999955e+00,5.440000000000000391e-01,-2.170700000000000074e+00,2.013100000000000112e+00,-2.867100000000000204e+00,9.152100000000000513e-02,7.376800000000000024e-01,-2.053800000000000070e-01,2.215300000000000047e+00,2.982499999999999929e+00,-3.086399999999999810e+00,1.766799999999999926e+00,3.238100000000000200e+00,-5.848100000000000520e-01,-1.067899999999999960e-01
-7.613900000000000112e-01,-1.051600000000000090e+00,-1.015500000000000069e+00,-2.508199999999999985e+00,-6.098700000000000010e+00,1.794300000000000006e+00,-2.259500000000000064e+00,3.773000000000000131e+00,-6.696600000000000330e-01,7.783599999999999894e-03,-1.131399999999999961e+00,1.989700000000000024e+00,1.613999999999999879e-01,-1.448800000000000088e+00,-1.483399999999999996e-01
1.429000000000000048e+00,-1.083099999999999952e+00,1.444199999999999928e+00,-1.823600000000000110e+00,-1.190299999999999914e+00,3.823099999999999832e-01,4.103999999999999870e-01,-1.241999999999999993e+00,-4.589800000000000324e+00,-2.050300000000000011e+00,-4.925799999999999734e+00,-1.995200000000000029e-01,-3.291300000000000114e+00,1.162400000000000100e+00,-4.312300000000000022e-01
2.355999999999999872e+00,2.279300000000000104e+00,7.025900000000000478e-01,-1.875799999999999912e+00,1.504299999999999971e+00,-7.377099999999999769e-01,3.601900000000000102e+00,-1.620600000000000041e+00,-8.159899999999999931e-01,3.664600000000000080e-01,-6.448500000000000343e-01,-2.150900000000000034e+00,8.595000000000000417e-01,1.400300000000000100e+00,3.443999999999999839e-01
-2.050800000000000178e+00,1.331399999999999917e+00,6.779100000000000126e-01,-8.555300000000000127e-01,-2.746799999999999908e+00,4.293600000000000194e-01,1.664199999999999902e+00,3.141999999999999793e-01,1.271500000000000075e+00,-1.470299999999999940e+00,5.183300000000000018e+00,3.586500000000000021e+00,3.858600000000000030e+00,1.095199999999999951e+00,2.729600000000000026e+00
-6.711700000000000443e+00,-4.982500000000000262e-01,-9.536100000000000132e-02,8.756599999999999939e-01,-1.103399999999999936e+00,2.165700000000000125e-01,3.610900000000000221e-01,-6.284899999999999931e-01,-8.333799999999999542e-02,-4.726500000000000146e-01,9.145199999999999996e-01,2.247599999999999820e+00,6.114699999999999580e-01,2.221000000000000085e+00,2.101300000000000168e+00
-2.118700000000000028e+00,-5.806000000000000050e+00,-2.839599999999999902e+00,4.959999999999999964e+00,1.648500000000000076e+00,7.891700000000000381e-01,-1.453799999999999981e+00,-2.399699999999999889e-01,-9.705099999999999838e-01,-1.001700000000000035e+00,-1.290100000000000025e+00,-1.538999999999999924e+00,-9.035299999999999443e+00,4.156599999999999739e-01,-2.737899999999999778e+00
-5.721300000000000274e-01,-4.006800000000000139e+00,-1.399699999999999944e+00,2.598300000000000054e+00,1.067499999999999893e+00,4.859600000000000031e-02,-8.044299999999999784e-01,-1.289900000000000047e+00,-3.229800000000000004e+00,1.827900000000000080e-01,-7.726300000000000390e-01,-3.488900000000000112e+00,3.902499999999999858e-01,-1.663000000000000034e+00,2.189599999999999991e+00
-7.188700000000000645e-02,-4.630000000000000226e-01,-8.271800000000000264e-01,3.515200000000000102e+00,4.845099999999999962e-01,3.546800000000000175e+00,2.233600000000000030e+00,3.595499999999999918e+00,2.594500000000000028e+00,3.697700000000000209e+00,-1.271800000000000042e+00,-3.163499999999999979e+00,2.804800000000000182e+00,-8.749400000000000510e-01,9.571600000000000108e-01
-2.207100000000000062e+00,-1.260999999999999899e+00,3.300000000000000155e-01,1.597299999999999942e+00,9.153299999999999770e-01,-4.702399999999999913e-01,-1.281700000000000061e+00,1.778399999999999981e+00,2.658500000000000085e+00,1.600600000000000023e+00,-2.871099999999999763e-01,5.478499999999999481e-01,-2.201299999999999812e+00,-8.075999999999999845e-01,9.143200000000000216e-01
7.193399999999999794e-01,9.971299999999999608e-01,2.861299999999999955e+00,1.189000000000000057e+00,7.367000000000000215e-01,-9.910700000000000065e-01,-1.053800000000000070e+00,-1.310200000000000031e+00,-1.310100000000000042e+00,-4.051100000000000256e-01,-1.200299999999999923e+00,-8.007800000000000473e-01,-1.190800000000000081e+00,8.015700000000000047e-01,1.099399999999999933e+00
2.255800000000000027e-01,4.238599999999999923e+00,2.567600000000000104e+00,-8.995199999999999863e-01,3.648299999999999876e-01,1.634599999999999942e-02,7.938600000000000101e-01,-1.887499999999999956e+00,-3.068799999999999972e+00,-6.863599999999999701e-01,3.770900000000000141e+00,-1.772799999999999931e+00,2.501300000000000190e-01,3.741699999999999804e+00,1.683999999999999941e+00
-9.600300000000000500e-01,2.363999999999999879e+00,2.906200000000000117e+00,-4.294200000000000017e+00,3.922600000000000087e+00,-2.050100000000000033e+00,3.465700000000000003e+00,2.289099999999999913e+00,-4.277799999999999936e-01,-2.329300000000000120e-02,1.348500000000000032e+00,8.327700000000000380e-02,3.245699999999999807e+00,1.088400000000000034e+00,-3.151400000000000035e-02
-3.683100000000000041e+00,3.381699999999999928e+00,5.269899999999999807e+00,7.359599999999999476e-01,4.420399999999999885e-01,-6.844999999999999973e-01,1.556000000000000050e+00,4.260500000000000398e+00,2.396100000000000119e+00,1.771800000000000042e+00,6.170299999999999674e-01,-2.106700000000000017e+00,2.524799999999999933e+00,3.282900000000000262e-01,-9.425300000000000344e-02
1.641899999999999915e+00,-8.383500000000000396e-01,-5.157599999999999685e-02,1.966499999999999915e+00,-1.922600000000000003e-03,1.302400000000000002e+00,-1.982099999999999973e+00,2.959499999999999909e-01,-1.849900000000000100e+00,7.072100000000000053e-01,-2.451900000000000190e+00,-1.569900000000000073e+00,-1.852100000000000080e+00,-3.342100000000000071e-01,-3.014499999999999957e+00
5.179400000000000226e+00,-1.994899999999999896e+00,-4.860199999999999854e+00,-3.809699999999999753e-01,3.497000000000000108e-01,4.431400000000000006e+00,1.004099999999999993e-01,-2.713000000000000078e+00,-7.630299999999999860e-01,2.013900000000000023e+00,-1.803900000000000059e+00,-9.772100000000000231e-01,-4.913600000000000190e-01,-2.964100000000000179e+00,-3.385299999999999976e+00
7.523100000000000342e-01,-2.646700000000000053e+00,-2.584799999999999986e+00,-4.847800000000000331e+00,-1.858600000000000030e+00,1.834100000000000064e+00,1.990399999999999947e+00,7.515800000000000258e-01,-8.871500000000000219e-02,1.183999999999999941e+00,-2.261499999999999844e+00,-4.400200000000000222e-01,-1.135199999999999987e+00,8.693899999999999198e-03,-5.256199999999999761e-01
2.538699999999999957e+00,-7.953400000000000469e-01,-1.676500000000000101e+00,-2.694799999999999862e+00,2.233099999999999863e+00,-1.596899999999999986e+00,5.809400000000000119e-01,4.990999999999999881e-01,7.614100000000000312e-01,3.662799999999999834e+00,-2.810000000000000275e-01,-6.672299999999999898e-01,3.255799999999999805e+00,2.249499999999999833e+00,-7.458799999999999875e-01
1.352000000000000091e+00,1.827600000000000058e-01,-8.525199999999999445e-01,-6.491599999999999593e-01,3.442999999999999949e-01,-2.249000000000000110e+00,9.093299999999999994e-02,-8.100100000000000078e-01,2.159300000000000108e-02,7.859399999999999720e-01,-3.520499999999999741e-01,1.840100000000000069e-01,-6.853500000000000147e-01,-6.731599999999999806e-01,-2.594899999999999984e+00
2.622500000000000053e+00,2.883399999999999963e+00,3.813800000000000079e+00,4.343399999999999928e+00,4.483300000000000063e-01,9.121500000000000163e-01,5.308699999999999530e-01,-1.387299999999999978e+00,-3.248599999999999821e-01,-2.921100000000000030e+00,1.644800000000000040e+00,-1.785300000000000109e+00,1.537800000000000056e+00,-7.111899999999999888e-01,5.326600000000000223e-01
-3.477199999999999847e+00,-8.608000000000000096e-01,5.503599999999999604e-01,-5.600199999999999623e-01,-1.821199999999999930e+00,6.099999999999999867e-01,-2.506400000000000183e+00,-5.892100000000000115e-01,2.089999999999999858e+00,-2.547400000000000109e+00,6.078400000000000469e-01,-9.992800000000000293e-02,-1.715000000000000080e+00,1.322899999999999965e+00,2.132600000000000051e+00
-4.933300000000000018e+00,-3.971099999999999852e+00,-3.806000000000000050e+00,-2.915399999999999991e+00,-1.532899999999999929e+00,-2.172299999999999898e+00,-5.154600000000000293e+00,-3.266099999999999781e+00,1.628200000000000092e+00,5.830199999999999827e-01,1.403799999999999937e+00,1.798100000000000032e+00,3.603500000000000036e-01,3.373599999999999932e-01,2.547099999999999920e+00
-2.960100000000000176e+00,-3.270500000000000185e+00,3.898600000000000065e+00,3.259100000000000108e+00,5.740199999999999747e-01,-2.244699999999999918e+00,-4.076500000000000234e+00,-5.392900000000000471e-01,-1.474900000000000100e+00,-3.055899999999999839e+00,1.625000000000000000e+00,1.424800000000000066e+00,2.649399999999999977e+00,-2.932199999999999807e-01,1.056499999999999995e+00
2.136099999999999888e+00,1.093499999999999917e+00,1.794999999999999929e+00,3.349499999999999922e+00,-1.262399999999999911e-01,3.646499999999999742e-01,-2.544799999999999951e+00,1.702199999999999935e+00,5.398199999999999665e-01,-2.209700000000000220e+00,-1.738699999999999968e-01,2.320599999999999885e-01,2.556400000000000006e+00,2.409300000000000053e-01,-1.927599999999999869e-01
3.862999999999999989e+00,1.704199999999999937e+00,-2.052999999999999936e+00,-2.895099999999999785e+00,-7.659000000000000530e-02,4.217600000000000016e+00,2.356899999999999995e+00,2.352399999999999824e+00,2.406899999999999873e-01,1.672700000000000076e+00,-3.185000000000000053e+00,1.908300000000000107e+00,4.645299999999999985e-01,1.779199999999999948e-01,-2.678700000000000081e+00
-2.813299999999999912e+00,-1.195400000000000018e+00,3.450400000000000134e-01,-2.076400000000000023e+00,-1.342100000000000071e+00,-3.741700000000000026e-01,1.262000000000000011e+00,2.488599999999999923e+00,3.767900000000000138e-01,1.485500000000000043e+00,1.950699999999999934e-01,3.693000000000000060e+00,7.378900000000000459e-01,4.581500000000000017e-01,-3.028600000000000042e-02
-2.342999999999999972e+00,2.882199999999999762e-01,2.637000000000000011e+00,2.132899999999999796e+00,2.445500000000000007e+00,-2.867700000000000138e+00,-1.613899999999999890e+00,8.628599999999999604e-01,-8.802900000000000169e-01,-1.267300000000000093e+00,1.379099999999999993e+00,1.961600000000000010e+00,-2.284899999999999931e+00,1.880900000000000072e-01,2.227100000000000080e+00
-1.573099999999999943e+00,-1.206700000000000106e+00,1.860700000000000021e+00,1.876200000000000090e+00,1.325300000000000089e-01,-3.315700000000000092e+00,-1.856400000000000050e+00,-1.928800000000000070e+00,-5.010900000000000354e-01,-3.852100000000000080e+00,2.598800000000000221e+00,2.860599999999999810e+00,6.219700000000000228e-01,2.352399999999999824e+00,1.737500000000000044e+00
1.239500000000000046e+00,3.140899999999999803e-01,-5.497300000000000075e+00,-2.773900000000000254e-01,-3.064200000000000035e+00,4.862400000000000055e-01,-2.476700000000000124e+00,-1.359999999999999924e-02,1.662199999999999900e+00,8.241000000000000547e-01,1.024699999999999944e+00,-6.150999999999999801e-01,-3.845000000000000195e+00,-6.841000000000000414e-01,-1.110000000000000098e+00
-4.766900000000000026e-01,-5.716599999999999460e-01,-5.432500000000000107e+00,-3.328500000000000014e+00,-2.115200000000000191e+00,-1.443899999999999961e+00,-1.505700000000000094e-01,-1.460299999999999931e+00,1.512499999999999956e+00,1.183100000000000041e+00,1.855499999999999927e+00,-5.795200000000000351e-01,-5.202200000000000379e+00,-1.035500000000000087e+00,-5.105699999999999822e-02
1.859699999999999909e+00,5.044299999999999784e+00,-6.329799999999999871e-01,-3.367500000000000160e+00,9.740400000000000169e-01,-6.471999999999999975e-01,-7.416700000000000514e-01,-3.547400000000000109e+00,1.709300000000000042e+00,-5.117000000000000437e-01,1.295700000000000074e+00,-2.315000000000000113e-01,-6.658899999999999819e-01,-4.184499999999999886e+00,-1.947400000000000020e+00
4.944899999999999629e+00,7.188100000000000378e+00,1.508099999999999996e-01,2.046400000000000219e+00,2.496199999999999974e+00,-6.640200000000000546e-01,1.183599999999999985e+00,-2.314400000000000013e+00,-3.222399999999999931e+00,-1.446900000000000075e+00,-1.608500000000000041e+00,1.442299999999999915e+00,-5.661599999999999966e-01,-2.409100000000000019e+00,-7.753400000000000292e-01
6.090799999999999770e+00,7.330600000000000449e-01,2.830700000000000216e+00,4.705099999999999838e-01,2.797600000000000087e+00,4.404399999999999871e+00,3.626199999999999868e+00,-2.092099999999999849e+00,-4.109099999999999753e+00,-9.750499999999999723e-01,-1.336899999999999977e+00,1.051399999999999973e-01,3.416000000000000147e-01,-1.273700000000000054e+00,3.649800000000000266e-02
1.280100000000000016e+00,5.028700000000000392e-01,2.424900000000000111e-01,-9.689100000000000490e-01,2.433300000000000018e+00,4.458499999999999908e+00,2.201200000000000045e+00,3.035699999999999843e+00,-1.420900000000000052e+00,-3.764799999999999813e-01,2.782700000000000173e+00,2.182199999999999973e-01,2.118799999999999795e+00,7.446800000000000086e-01,2.505999999999999783e+00
-1.669399999999999995e+00,1.729700000000000015e+00,-1.071700000000000097e+00,-7.235099999999999865e-01,-8.430699999999999861e-01,1.451600000000000001e+00,1.683899999999999952e+00,1.599900000000000100e+00,-1.133799999999999919e+00,-1.409100000000000019e+00,3.363900000000000112e+00,2.246199999999999974e+00,4.003199999999999648e+00,3.962999999999999856e-01,2.444599999999999884e+00
-1.814699999999999980e+00,-6.088400000000000478e-01,-3.089900000000000091e+00,-1.929499999999999993e+00,-5.343999999999999861e-01,-3.589100000000000179e+00,-1.009800000000000031e+00,2.419900000000000162e+00,3.315000000000000169e-01,4.064400000000000235e-01,5.314199999999999591e+00,4.333599999999999675e+00,7.721000000000000085e-01,1.724299999999999944e+00,9.276699999999999946e-01
-2.988199999999999745e-01,-3.864100000000000090e+00,-8.834800000000000431e-01,-1.271700000000000053e+00,-1.355199999999999960e+00,1.526599999999999957e+00,1.081599999999999895e+00,-1.229600000000000026e+00,-2.131699999999999928e+00,-1.668099999999999916e+00,8.373199999999999532e-01,6.991899999999999782e-01,3.268300000000000094e-01,8.144900000000000473e-01,-4.265399999999999747e-01
-4.033399999999999763e-01,-9.479499999999999593e-01,-9.616900000000000448e-01,3.901400000000000201e+00,1.379799999999999915e+00,3.035300000000000220e-01,1.447200000000000042e+00,-3.692099999999999937e+00,-1.161299999999999999e+00,-2.200200000000000156e+00,9.648900000000000254e-01,-2.700899999999999856e+00,9.084499999999999797e-01,1.604299999999999893e-01,3.590800000000000103e-01
-1.146600000000000064e+00,6.890300000000000313e-01,-1.751500000000000057e+00,3.784699999999999953e+00,3.439599999999999991e+00,-2.521100000000000119e+00,-1.183899999999999952e+00,-2.449300000000000033e+00,-2.593100000000000183e+00,-3.685900000000000176e+00,-2.074600000000000222e+00,-2.257200000000000095e+00,-1.468199999999999950e+00,-5.023499999999999632e-01,5.875599999999999712e-01
-3.706599999999999895e+00,-7.947999999999999510e-01,4.063700000000000090e-01,5.445700000000000429e+00,9.201000000000000290e-01,-2.618399999999999839e+00,-4.671199999999999797e-01,-2.010299999999999976e+00,-3.776700000000000057e-01,-2.508000000000000007e+00,-6.770599999999999952e+00,-1.737300000000000066e+00,-5.392500000000000071e+00,7.608700000000000185e-02,-3.622399999999999842e+00
-4.702899999999999858e-01,-1.883699999999999930e+00,6.102999999999999536e-01,-3.667199999999999904e-01,3.066899999999999959e+00,-8.366700000000000248e-01,1.710800000000000098e+00,5.719199999999999839e-01,1.269500000000000073e+00,-1.452799999999999925e-01,-3.414400000000000102e+00,-6.864999999999999991e-01,-1.721700000000000008e+00,-2.386499999999999844e+00,-2.342900000000000205e+00
1.064699999999999980e+00,-1.053800000000000014e-01,1.062100000000000044e+00,-3.930400000000000116e+00,3.906499999999999861e+00,-3.292699999999999960e+00,-1.302499999999999991e+00,1.883799999999999919e+00,-7.554899999999999949e-01,-1.640200000000000102e+00,-1.260499999999999954e+00,1.965899999999999981e+00,-6.832700000000000440e-01,-6.533900000000000263e-01,2.157000000000000028e+00
-7.627099999999999991e-01,5.417799999999999727e+00,1.606899999999999995e+00,-1.324000000000000066e+00,2.211199999999999832e+00,-4.022300000000000431e+00,-2.649599999999999955e+00,7.932399999999999451e-01,6.029900000000000260e-01,-1.386500000000000066e+00,-1.417999999999999927e+00,-1.233500000000000041e+00,-2.216400000000000148e+00,-1.489800000000000013e+00,4.915100000000000025e-02
5.891000000000000014e+00,5.847000000000000419e+00,4.155400000000000205e+00,7.767399999999999860e-01,1.221899999999999986e+00,-1.763700000000000045e+00,2.320899999999999963e+00,4.485699999999999577e+00,3.253000000000000114e+00,9.569699999999999873e-01,8.226200000000000179e-02,-5.926299999999999901e-01,1.470099999999999962e+00,3.388800000000000145e-01,-1.667699999999999960e+00
1.203000000000000069e+00,2.196600000000000108e+00,1.256799999999999917e+00,7.388000000000000123e-01,-3.033399999999999874e+00,-1.672500000000000098e-01,2.145799999999999930e+00,4.353799999999999670e+00,3.038100000000000023e+00,4.160499999999999865e+00,4.128599999999999604e+00,-1.469999999999999973e+00,1.599199999999999955e+00,-1.133499999999999952e+00,1.799800000000000066e+00
-4.325199999999999712e+00,-3.855300000000000171e+00,6.899600000000000177e-02,-6.897799999999999487e-01,-3.811500000000000110e+00,5.226199999999999735e-01,-3.642800000000000205e-02,3.346499999999999808e+00,1.156700000000000061e+00,3.303500000000000103e+00,1.340400000000000036e+00,-5.963500000000000467e-01,-1.900900000000000034e+00,1.612399999999999944e-01,-2.566900000000000084e-02
-1.874100000000000099e+00,-3.610599999999999810e+00,-1.968599999999999905e+00,-4.179599999999999982e-01,-4.022700000000000387e+00,9.764500000000000401e-01,2.334499999999999797e+00,-3.453100000000000058e+00,-1.423799999999999955e+00,2.808399999999999785e+00,-4.886700000000000266e+00,-6.537399999999999878e-01,-2.763100000000000112e+00,4.350999999999999979e+00,3.934099999999999819e-01
-1.662800000000000056e+00,-1.428199999999999914e+00,-1.490199999999999969e+00,-1.762899999999999912e+00,-3.199100000000000055e+00,1.262899999999999912e+00,-6.743200000000000305e-01,4.458300000000000374e+00,1.347699999999999898e+00,-1.085499999999999909e+00,-1.988499999999999934e+00,-5.973300000000000276e-01,9.449899999999999967e-01,4.803799999999999848e+00,-2.646200000000000219e-01
-5.664700000000000291e-01,-1.811099999999999932e-01,9.188499999999999446e-01,-7.068100000000000493e-01,-1.080600000000000005e+00,4.287300000000000111e+00,3.350200000000000067e+00,4.105699999999999683e+00,2.631499999999999950e+00,-1.582800000000000040e-01,-1.070400000000000018e+00,-1.895799999999999930e+00,9.160899999999999599e-01,3.287300000000000111e+00,3.201000000000000068e+00
3.467600000000000016e+00,2.915999999999999925e+00,1.625699999999999923e+00,8.908399999999999652e-01,1.629599999999999937e+00,2.923200000000000021e+00,2.928300000000000125e+00,1.934099999999999930e+00,2.253600000000000048e+00,2.189999999999999947e+00,2.157599999999999962e+00,8.892400000000000304e-01,4.946799999999999642e+00,3.946299999999999808e-01,2.139400000000000190e+00
5.271200000000000330e-01,-2.990300000000000180e-01,4.803700000000000081e+00,1.962399999999999922e+00,-1.226699999999999902e+00,6.765900000000000247e-01,5.464200000000000307e-02,7.647600000000000231e-02,2.559600000000000097e+00,5.308500000000000441e-01,6.099400000000000377e-01,2.257099999999999884e+00,4.175799999999999734e+00,-1.082600000000000007e+00,-2.516300000000000203e+00
-4.067199999999999704e+00,-4.722399999999999931e-01,4.069399999999999906e+00,2.840500000000000025e+00,-1.041099999999999914e+00,-1.032899999999999929e+00,6.586400000000000032e-01,1.790699999999999958e+00,2.654100000000000126e+00,2.996599999999999930e+00,1.428700000000000081e+00,-2.427600000000000036e-01,1.584400000000000031e+00,-2.708800000000000097e+00,6.898699999999999832e-01
3.041599999999999859e-01,1.992099999999999982e+00,-1.048999999999999932e+00,5.929000000000000270e+00,7.314399999999999791e-01,-1.260299999999999976e+00,-6.087200000000000388e-01,1.134900000000000020e+00,9.921199999999999464e-02,-1.798100000000000032e+00,1.813399999999999901e+00,-9.028100000000000014e-01,8.009399999999999853e-01,-6.804200000000000248e-01,-2.931400000000000117e-01
1.473200000000000065e+00,3.905100000000000016e+00,-2.144000000000000128e+00,4.400800000000000267e+00,3.513299999999999756e-02,-2.254700000000000149e+00,-3.789299999999999891e+00,-3.044299999999999784e+00,-3.539800000000000058e+00,1.436600000000000099e-01,-2.163600000000000190e+00,-1.766000000000000014e+00,-3.577700000000000102e+00,-4.131099999999999994e+00,-5.018399999999999750e+00
1.634100000000000108e+00,-1.406700000000000061e+00,9.705899999999999528e-01,1.936900000000000066e+00,-7.037900000000000267e-01,-4.324200000000000266e-01,-3.506499999999999950e+00,-5.284500000000000419e+00,-1.938800000000000079e+00,1.611499999999999932e+00,-4.366299999999999848e+00,-2.245000000000000051e-01,-7.829800000000000093e-01,-2.969599999999999795e+00,-3.839999999999999858e+00
-2.583799999999999986e-01,-4.950999999999999623e+00,4.938600000000000101e+00,4.384400000000000297e+00,1.963200000000000056e+00,-9.873600000000000154e-01,-1.891799999999999926e+00,1.647999999999999909e+00,2.099200000000000177e+00,3.755100000000000104e+00,-1.948700000000000099e+00,4.869299999999999740e-01,2.836800000000000210e+00,-1.315099999999999936e+00,-2.629500000000000171e+00
-6.287300000000000111e-01,-3.104900000000000215e+00,2.310500000000000220e+00,-8.736500000000000377e-01,-5.136399999999999993e-02,-2.119800000000000018e-01,1.646900000000000031e-01,2.158900000000000041e+00,1.620900000000000007e+00,1.890400000000000080e+00,-5.416900000000000048e-01,-1.308499999999999996e+00,2.319900000000000073e+00,-1.502799999999999914e+00,2.683600000000000207e+00
-3.694000000000000061e-01,-1.366900000000000004e+00,-3.012500000000000178e+00,-4.541900000000000048e+00,-1.284799999999999942e+00,-7.386000000000000343e-01,1.601699999999999902e+00,1.899199999999999999e+00,-4.387800000000000034e-01,-1.377699999999999925e+00,-4.103700000000000125e-01,7.191600000000000215e-01,-7.309099999999999486e-01,4.479000000000000203e-01,-1.266499999999999959e+00
3.613299999999999845e-01,1.014000000000000012e+00,2.959200000000000053e+00,-3.997299999999999742e-01,1.388500000000000068e+00,-6.298200000000000465e-01,1.331399999999999917e+00,2.187800000000000189e+00,1.276399999999999979e+00,3.541400000000000103e-01,1.173899999999999944e+00,2.139699999999999935e+00,3.067499999999999893e+00,1.818999999999999950e+00,-9.023700000000000054e-01
3.197499999999999787e+00,2.968300000000000161e+00,-1.227000000000000091e+00,-2.100299999999999834e+00,2.109700000000000131e+00,3.580800000000000094e-01,7.547599999999999865e-01,-1.057199999999999918e+00,1.852699999999999902e-01,2.670500000000000096e+00,-1.375599999999999934e+00,2.636600000000000055e+00,1.693999999999999950e-01,9.329100000000000170e-01,1.065399999999999903e+00
5.439600000000000435e+00,3.209600000000000009e+00,-3.285000000000000142e+00,-3.117599999999999927e+00,2.754000000000000004e+00,-6.453200000000000047e-01,-2.836599999999999788e+00,-4.847699999999999676e+00,-1.995500000000000052e+00,-2.271999999999999797e+00,-1.630100000000000104e+00,2.613900000000000112e-01,-3.507200000000000095e+00,2.703300000000000036e+00,2.750400000000000067e-01
1.246099999999999985e+00,-3.559600000000000097e+00,-3.960799999999999876e+00,-4.241299999999999848e+00,-2.439299999999999802e+00,1.693099999999999883e-01,-2.079699999999999882e-01,-5.098600000000000243e+00,-2.043600000000000083e+00,-5.070000000000000284e+00,1.308200000000000029e+00,1.423799999999999955e+00,-3.080299999999999816e+00,2.198399999999999910e+00,1.584200000000000053e+00
-5.360400000000000276e+00,-3.935099999999999820e+00,-5.517999999999999794e+00,-5.243400000000000283e+00,7.265599999999999836e-01,1.494699999999999918e+00,-3.174399999999999888e+00,-5.486900000000000333e+00,-2.895000000000000018e+00,-4.386300000000000310e+00,7.948600000000000110e-01,3.064900000000000180e+00,1.929000000000000159e-02,2.043099999999999916e+00,1.722299999999999942e-01
-1.576300000000000034e+00,-1.858300000000000063e+00,-1.990099999999999980e+00,-2.202399999999999913e+00,-2.585300000000000153e+00,1.189200000000000035e+00,-3.146200000000000108e-01,-2.171400000000000219e+00,1.721400000000000041e+00,5.284400000000000208e-01,-8.111500000000000377e-01,-3.797000000000000153e+00,-3.167800000000000171e+00,-1.375599999999999934e+00,-1.320699999999999985e+00
2.513799999999999812e+00,1.687400000000000011e+00,-1.159899999999999931e+00,-1.179300000000000015e+00,-6.461900000000000421e-01,4.055500000000000216e-01,-1.716699999999999893e+00,-2.784600000000000186e+00,1.950199999999999934e+00,-2.058099999999999929e-01,-4.685400000000000120e-01,-5.054700000000000415e+00,-3.196699999999999875e+00,2.892700000000000271e-01,1.110800000000000010e+00
2.722300000000000164e+00,1.047700000000000076e+00,-1.660800000000000054e+00,-5.686200000000000143e-01,2.164399999999999935e-01,1.354600000000000026e+00,-1.289400000000000102e+00,-2.104000000000000092e+00,-2.008199999999999985e+00,3.623400000000000176e+00,5.066699999999999537e-01,-2.100099999999999856e+00,-1.517900000000000027e+00,1.552699999999999969e+00,-3.062500000000000222e-01
-3.232099999999999973e+00,-9.004799999999999471e-01,-1.290999999999999925e+00,6.480399999999999494e-01,-1.584699999999999998e+00,3.120200000000000196e-01,-1.480499999999999927e+00,-3.212800000000000100e+00,-4.136599999999999611e+00,2.880399999999999849e+00,1.066999999999999948e+00,-1.581299999999999928e+00,-1.770199999999999996e+00,7.516399999999999748e-01,-5.287199999999999678e-01
-3.677700000000000191e+00,-1.748199999999999976e+00,-1.352600000000000025e+00,1.024100000000000010e+00,-1.226900000000000102e+00,1.441000000000000059e+00,-1.009900000000000020e+00,-1.356200000000000072e+00,-3.649000000000000021e+00,7.687699999999999534e-01,-1.391399999999999970e+00,-1.184800000000000075e+00,1.103699999999999903e+00,6.635600000000000387e-01,1.330799999999999983e+00
-9.160399999999999654e-01,2.292800000000000171e+00,5.451299999999999812e+00,2.867300000000000182e+00,9.730499999999999705e-01,1.091299999999999937e+00,-4.683999999999999830e-01,1.751400000000000068e+00,-1.197300000000000031e-01,-3.141900000000000137e+00,1.397299999999999986e+00,-1.923399999999999999e+00,4.518500000000000405e+00,-4.092999999999999972e-01,-2.536399999999999766e-01
-3.582299999999999929e-01,1.046000000000000041e+00,2.805899999999999839e+00,-1.154300000000000104e+00,-2.022899999999999920e+00,7.528000000000000247e-01,1.419399999999999995e+00,9.232200000000000406e-01,1.617099999999999982e+00,-2.520799999999999930e+00,1.089800000000000102e+00,1.072300000000000031e+00,1.778999999999999915e+00,-1.689699999999999980e+00,-1.161000000000000032e+00
9.650599999999999457e-02,8.057800000000000518e-01,6.561000000000000165e-01,1.373699999999999921e-01,6.038400000000000434e-01,-9.309800000000000297e-01,1.773500000000000076e+00,1.305600000000000094e+00,8.119500000000000328e-02,-1.252099999999999991e+00,2.972100000000000186e+00,4.587900000000000311e+00,3.002499999999999947e+00,-1.485400000000000054e+00,1.491400000000000059e+00
2.467799999999999994e-01,1.370000000000000107e+00,1.989999999999999991e+00,-7.136799999999999811e-01,2.946800000000000086e+00,2.399099999999999788e+00,-2.157200000000000006e+00,2.352500000000000036e+00,-1.375399999999999956e+00,-2.397400000000000198e+00,5.341599999999999682e+00,1.224299999999999944e+00,2.456100000000000172e+00,-2.182300000000000129e+00,5.343200000000000172e-01
1.277500000000000080e+00,1.301700000000000079e+00,-4.409900000000000375e+00,-3.003400000000000070e+00,1.297400000000000109e+00,-3.065700000000000092e-01,2.629799999999999915e+00,-5.916900000000000492e-01,-6.663399999999999879e-02,-1.520799999999999930e+00,6.073699999999999655e-01,1.735400000000000054e+00,-3.590400000000000258e-01,-2.719399999999999817e+00,-2.304899999999999949e+00
-3.682399999999999896e+00,-9.747500000000000053e-01,-4.615400000000000169e+00,-1.491000000000000103e+00,-3.543499999999999872e+00,5.534500000000000419e+00,4.215799999999999770e+00,4.003399999999999737e-01,8.487500000000000044e-01,2.816399999999999793e+00,-1.664400000000000102e+00,1.607199999999999962e+00,5.841600000000000126e-01,-3.061300000000000132e+00,-1.987200000000000077e+00
-9.070000000000000284e-01,2.812100000000000044e+00,1.203999999999999959e+00,-1.528299999999999936e-01,-3.513399999999999856e+00,1.485800000000000010e+00,2.248899999999999899e+00,1.781400000000000095e+00,3.931500000000000217e+00,4.291599999999999859e+00,1.027300000000000102e+00,1.310000000000000053e+00,2.604800000000000004e+00,-6.387100000000000000e-01,1.830200000000000049e+00
2.822100000000000164e-01,1.251000000000000029e-02,8.823799999999999699e-02,1.721400000000000041e+00,1.774199999999999999e+00,-2.358099999999999863e+00,-9.016699999999999715e-01,1.329199999999999937e+00,2.560200000000000031e+00,1.105099999999999971e+00,8.672800000000000509e-01,1.505100000000000104e+00,2.020000000000000018e+00,1.637899999999999912e+00,2.804899999999999949e+00
3.713000000000000078e+00,2.918000000000000038e-01,-7.674199999999999910e-01,3.311700000000000088e+00,1.373199999999999976e+00,-1.143699999999999939e+00,-2.986099999999999977e+00,-3.567000000000000171e-01,-2.297600000000000087e+00,-9.061299999999999910e-01,5.307600000000000096e-01,-1.052599999999999980e+00,-5.249399999999999622e+00,-1.492299999999999960e+00,-1.601499999999999924e+00
3.391199999999999992e+00,3.595899999999999874e+00,4.642800000000000260e-01,-7.286799999999999944e-01,1.608300000000000063e+00,-1.413100000000000023e+00,-1.338799999999999990e+00,-9.305400000000000338e-01,-1.364900000000000002e+00,3.685099999999999820e+00,6.494799999999999462e-01,-2.869800000000000129e+00,-2.246100000000000207e+00,-2.435299999999999798e+00,7.568300000000000027e-01
3.803599999999999870e+00,-1.383600000000000108e-01,8.104400000000000492e-01,-1.111499999999999932e+00,2.000599999999999934e+00,-7.833400000000000363e-01,-3.184899999999999953e-01,1.020499999999999963e+00,-5.199599999999999778e-01,-1.930600000000000094e-01,1.703899999999999970e+00,-1.529300000000000104e+00,-1.712299999999999933e+00,-1.888099999999999890e+00,1.420900000000000052e+00
2.808499999999999996e+00,7.710500000000000131e-01,-1.143199999999999994e+00,-2.799199999999999910e+00,1.180500000000000105e+00,-5.666700000000000070e-01,-1.285600000000000076e+00,-2.515100000000000113e-01,2.098800000000000110e-01,4.830400000000000249e-01,1.596899999999999986e+00,-2.519800000000000040e+00,-1.470199999999999951e+00,-1.167599999999999971e+00,4.655000000000000249e-01
-3.002299999999999969e+00,-1.773600000000000065e+00,-1.558400000000000007e+00,-6.338799999999999990e-01,9.178199999999999692e-01,-1.162199999999999900e+00,-1.211300000000000043e+00,3.695800000000000196e+00,9.178399999999999892e-01,1.626599999999999990e-01,-3.003299999999999859e-01,-8.152300000000000102e-01,-2.203699999999999992e+00,-1.937899999999999956e+00,-1.074699999999999989e+00
-3.203500000000000014e+00,3.932700000000000085e-02,5.158099999999999907e-01,-2.042499999999999982e+00,-2.916900000000000048e+00,-5.901699999999999724e-01,1.648900000000000018e-02,2.082599999999999785e+00,-1.048899999999999971e-01,-1.470800000000000107e+00,-2.415399999999999991e+00,2.782999999999999918e-01,-3.551199999999999912e-01,9.870299999999999629e-01,4.198799999999999755e-01
-2.644099999999999895e+00,-1.961000000000000076e+00,-9.868700000000000250e-01,-8.095299999999999718e-01,-2.977399999999999824e+00,5.970499999999999696e-01,9.164899999999999436e-02,-1.110000000000000049e-02,3.659600000000000075e-01,-1.491000000000000103e+00,-1.846999999999999975e+00,1.133399999999999963e+00,1.599599999999999911e+00,-1.619799999999999907e+00,-9.612600000000000033e-01
4.377900000000000125e-01,-2.465100000000000069e+00,6.264100000000000223e-01,1.742799999999999905e+00,5.672200000000000158e-02,-1.120600000000000041e+00,2.093399999999999928e+00,-3.235699999999999688e-02,-1.707799999999999985e+00,-2.320100000000000051e+00,1.691599999999999993e+00,4.633900000000000241e-01,2.534199999999999786e+00,2.479499999999999815e+00,1.498399999999999954e+00
2.022699999999999942e+00,-4.875800000000000134e-01,2.064299999999999802e+00,2.743100000000000094e+00,2.045799999999999841e+00,3.907000000000000028e+00,3.690399999999999903e+00,1.222699999999999898e+00,2.172299999999999898e+00,3.690700000000000092e+00,1.402400000000000091e+00,-9.612000000000000544e-01,3.085900000000000087e+00,4.700899999999999856e+00,1.891499999999999959e+00
-2.040000000000000036e+00,-1.799800000000000066e+00,2.412100000000000133e+00,4.366299999999999848e+00,1.466299999999999937e+00,2.175600000000000034e-01,5.062500000000000000e+00,3.136600000000000055e+00,5.482599999999999696e-01,1.320000000000000062e+00,-2.482400000000000162e+00,1.684600000000000097e+00,1.722299999999999942e+00,4.633300000000000196e+00,2.579400000000000137e+00
-1.771500000000000075e+00,2.058800000000000185e+00,3.352700000000000014e+00,4.170700000000000074e+00,2.116699999999999970e-01,1.753099999999999936e-01,-2.069999999999999896e-01,3.184200000000000141e+00,3.291599999999999859e+00,2.440900000000000070e+00,3.955200000000000049e+00,1.390099999999999891e+00,1.250399999999999956e+00,9.396799999999999597e-01,2.178100000000000147e+00
3.579200000000000159e-01,1.421499999999999986e+00,4.730099999999999860e-01,-1.003800000000000026e+00,-7.655999999999999472e-01,1.372800000000000020e+00,1.253900000000000015e+00,8.429299999999999571e-01,4.185200000000000031e+00,4.094199999999999839e+00,1.945599999999999996e+00,2.106599999999999806e+00,-2.327999999999999847e+00,3.306600000000000095e-01,3.259199999999999875e+00
-7.554800000000000404e-01,-1.678900000000000059e+00,2.328100000000000058e+00,-2.033599999999999852e+00,-1.077199999999999935e+00,-8.084399999999999920e-02,-1.850400000000000045e+00,3.136900000000000244e-01,-1.381599999999999939e+00,-1.961100000000000065e+00,-2.670500000000000096e+00,2.226900000000000060e-02,6.942399999999999682e-01,-9.036100000000000243e-01,-1.887499999999999956e+00
-1.815800000000000081e+00,-2.766999999999999904e+00,-1.004299999999999971e+00,-4.987900000000000111e-01,-1.506799999999999917e+00,-2.658900000000000041e+00,-2.470200000000000173e+00,1.985800000000000010e+00,-1.124600000000000044e-01,-1.800300000000000011e+00,-3.006400000000000183e+00,-2.020900000000000141e+00,2.484199999999999964e+00,2.265699999999999825e+00,1.621099999999999985e+00
-1.776599999999999957e+00,-3.670100000000000140e+00,5.094599999999999795e+00,-2.710099999999999731e-01,3.516099999999999781e+00,-3.896800000000000264e-01,-4.118499999999999939e-01,4.088700000000000223e+00,3.095400000000000151e+00,1.286200000000000121e-01,-1.750499999999999945e+00,-8.306999999999999940e-01,2.809899999999999842e+00,1.198900000000000077e+00,-4.445200000000000262e-01
5.932199999999999696e-01,3.546900000000000053e-01,-1.146600000000000050e-02,4.932099999999999679e-02,-1.261500000000000066e+00,-9.795700000000000518e-01,-2.796699999999999964e+00,3.765600000000000058e+00,1.265600000000000058e+00,1.114100000000000090e+00,-9.106300000000000505e-01,-5.472799999999999887e-01,-4.997099999999999875e-01,8.797500000000000320e-01,-2.430099999999999927e+00
-1.017900000000000027e+00,3.946000000000000174e+00,-1.846700000000000008e+00,-6.219900000000000428e-01,-1.292000000000000037e+00,-3.424300000000000122e+00,-4.290700000000000069e-01,1.287900000000000045e+00,-2.797700000000000187e-01,3.168000000000000149e+00,-2.467699999999999783e+00,3.526100000000000012e+00,2.858600000000000030e-01,-3.920399999999999996e-01,-2.499699999999999811e+00
-6.505699999999999816e-01,1.323099999999999943e+00,-2.705700000000000216e+00,8.986099999999999643e-02,-6.788699999999999735e-01,-1.335099999999999953e+00,-2.974499999999999922e+00,-5.134100000000000330e-01,2.026600000000000068e-01,2.976599999999999802e-01,-7.746000000000000107e-02,3.904500000000000082e+00,4.424399999999999999e-01,3.351799999999999891e+00,-6.332600000000000451e-01
3.199600000000000222e+00,4.469699999999999562e+00,-3.610099999999999976e-01,1.307999999999999996e-01,1.000000000000000000e+00,-4.780300000000000105e-01,3.195100000000000051e+00,-1.016000000000000014e+00,6.679199999999999582e-01,-2.527000000000000135e+00,1.332699999999999996e+00,4.544299999999999784e+00,9.077499999999999458e-01,3.978899999999999881e+00,2.078300000000000036e+00
1.498899999999999899e+00,1.926399999999999890e+00,-2.910800000000000054e-01,-4.174999999999999822e-01,-8.909099999999999797e-01,8.466000000000000192e-01,1.975300000000000056e+00,-1.005000000000000060e-01,1.708700000000000108e+00,-2.981800000000000006e-01,2.702300000000000146e+00,9.431599999999999984e-01,2.595500000000000029e-01,1.371299999999999963e+00,4.764400000000000190e+00
6.034599999999999964e-01,2.758100000000000218e+00,-3.295899999999999941e-01,-9.236999999999999655e-01,-8.345399999999999485e-01,-5.785500000000000087e-01,-1.013200000000000101e+00,-4.004299999999999748e+00,-2.555499999999999994e-01,2.435299999999999798e+00,3.107899999999999885e+00,-6.584699999999999998e-01,-3.707199999999999829e+00,-1.161000000000000032e+00,-3.395199999999999996e+00
-2.419000000000000039e+00,8.715299999999999436e-02,2.068099999999999827e+00,6.721399999999999597e-01,2.671200000000000241e-01,-1.467799999999999994e+00,5.627900000000000125e-01,-4.463099999999999845e+00,-4.103799999999999670e+00,-4.273399999999999643e+00,-1.082999999999999963e+00,-2.936100000000000154e+00,4.570600000000000218e-01,6.702900000000000524e-02,1.288100000000000023e+00
-1.551900000000000057e+00,-3.948399999999999910e+00,-3.000700000000000145e+00,-1.362700000000000022e+00,-1.468699999999999894e+00,6.587399999999999922e-01,-8.277999999999999803e-01,-5.421000000000000263e+00,-2.718500000000000139e+00,4.890399999999999747e-01,-3.799999999999999822e+00,-1.121499999999999941e+00,-2.452100000000000168e+00,4.987500000000000266e-01,-2.856100000000000083e+00
4.899099999999999788e+00,-5.046499999999999986e+00,-2.543000000000000149e+00,-3.043100000000000249e-01,3.435599999999999765e-01,6.596400000000000041e-01,-6.066200000000000481e-01,-5.987499999999999822e+00,-3.177099999999999813e+00,9.679400000000000226e-01,-2.214700000000000113e+00,-1.935300000000000020e+00,-5.230900000000000105e+00,-2.298700000000000188e+00,-6.462900000000000311e+00
1.390800000000000036e+00,-5.002600000000000158e+00,9.380899999999999794e-01,-1.132500000000000062e+00,-1.580499999999999960e-01,2.247599999999999820e+00,-1.479200000000000070e+00,-8.353599999999999914e-01,-2.091699999999999893e+00,-4.701600000000000223e-01,-1.621499999999999941e+00,1.302899999999999947e+00,1.220099999999999962e+00,1.663300000000000056e-01,-8.508700000000000152e-01
-3.089999999999999858e+00,-4.185399999999999565e+00,-4.089000000000000412e+00,2.286799999999999944e-01,-7.966299999999999493e-01,-5.994399999999999729e-01,1.135999999999999899e+00,-1.055600000000000094e+00,-3.145700000000000163e+00,-5.160199999999999676e+00,4.409699999999999731e-01,-1.015800000000000036e+00,-3.994299999999999962e+00,-2.567400000000000126e+00,-6.051100000000000367e-01
-2.489300000000000068e+00,-1.335399999999999920e+00,-3.587499999999999911e+00,8.722800000000000553e-01,2.180899999999999839e+00,1.679100000000000037e-01,-1.021700000000000053e+00,-3.000300000000000189e+00,-8.955100000000000282e-01,-1.118100000000000094e+00,3.357299999999999951e+00,-5.088500000000000245e-01,-3.592000000000000082e+00,-2.756800000000000139e+00,1.390500000000000069e+00
1.387399999999999967e+00,-1.146700000000000053e+00,-8.935699999999999754e-01,-5.434999999999999831e-01,1.567600000000000104e+00,4.440400000000000347e+00,8.385200000000000431e-01,-2.116299999999999848e+00,-1.032000000000000028e+00,2.078599999999999892e-01,3.150900000000000034e+00,-1.897699999999999942e+00,-1.098799999999999999e+00,2.957399999999999807e+00,1.721600000000000019e+00
8.740900000000000336e-01,-1.042999999999999927e+00,-1.089199999999999946e+00,-2.426600000000000090e+00,5.025400000000000311e+00,3.680499999999999883e+00,3.821600000000000108e+00,1.198399999999999910e+00,9.076800000000000423e-01,-1.424600000000000088e+00,-2.551899999999999724e-01,-4.064099999999999935e-01,1.956299999999999928e+00,3.276699999999999946e+00,3.524300000000000210e+00
2.769899999999999807e+00,2.206799999999999873e+00,5.487499999999999822e+00,1.674600000000000088e+00,2.238599999999999923e+00,2.250900000000000123e+00,2.128899999999999793e+00,3.293800000000000061e+00,2.493799999999999795e+00,-4.096400000000000041e-01,-4.437000000000000277e+00,-9.689699999999999980e-01,2.472599999999999909e+00,1.929499999999999993e+00,-4.064900000000000180e-01
4.056000000000000161e-01,2.208800000000000097e+00,7.134599999999999831e+00,3.135699999999999932e+00,-2.417400000000000215e+00,-2.710300000000000153e+00,-7.703699999999999992e-01,2.906099999999999905e+00,4.904299999999999771e-01,-1.681000000000000050e+00,-2.347799999999999887e+00,5.260899999999999466e-01,8.516399999999999526e-01,-4.437200000000000033e-01,-4.942000000000000171e+00
-1.243999999999999995e+00,1.055900000000000061e+00,-1.265200000000000102e+00,2.296400000000000219e+00,-5.372200000000000308e-01,-3.830700000000000216e+00,-2.577199999999999935e+00,-1.869799999999999907e+00,-1.406700000000000061e+00,-3.737400000000000055e+00,-1.726099999999999968e+00,-1.676499999999999935e-01,-4.831400000000000361e+00,2.757399999999999851e-01,-3.382400000000000073e+00
2.579699999999999882e+00,3.248300000000000076e-01,7.539799999999999836e-01,9.664800000000000058e-01,2.138599999999999834e+00,-2.833400000000000141e+00,2.031600000000000072e+00,-6.149900000000000366e-01,-9.819900000000000295e-01,-3.719700000000000006e+00,-1.453899999999999970e+00,-3.749600000000000044e+00,1.726600000000000079e-01,-3.097999999999999865e+00,1.538999999999999924e+00
3.438000000000000167e+00,3.156000000000000139e+00,2.727799999999999780e+00,3.262100000000000222e+00,-4.264000000000000012e-01,-1.701899999999999968e+00,1.999000000000000110e+00,1.699600000000000000e+00,2.950600000000000112e+00,1.769500000000000073e+00,-2.174100000000000144e+00,-1.130100000000000104e+00,4.284900000000000375e+00,-7.005900000000000460e-01,8.584100000000000064e-01
-1.252999999999999892e+00,-1.204999999999999960e-01,4.344899999999999873e-01,5.387699999999999712e-01,-1.050799999999999956e+00,-1.125299999999999967e+00,-1.856099999999999972e-01,1.080400000000000027e+00,-2.926900000000000057e-01,6.432900000000000285e-01,3.183699999999999974e+00,-1.435400000000000009e+00,7.793999999999999817e-01,-1.074999999999999956e+00,-2.106399999999999828e+00
-2.273600000000000065e+00,-1.639799999999999924e+00,-4.594599999999999795e+00,-1.789700000000000069e+00,-4.123800000000000243e-01,-6.996499999999999941e-01,-2.737400000000000055e+00,-2.427599999999999980e+00,-3.484999999999999876e+00,-2.314499999999999780e+00,4.552999999999999936e+00,1.103499999999999925e+00,-5.870099999999999874e+00,-3.495699999999999807e+00,-1.246599999999999930e+00
-3.448800000000000199e-01,-2.220499999999999918e+00,-6.249900000000000233e+00,-3.093599999999999905e+00,-4.490599999999999703e+00,-6.117799999999999905e-01,-4.155100000000000016e+00,-5.238999999999999879e+00,-4.015699999999999825e+00,-1.617199999999999971e+00,-2.895700000000000163e+00,9.527400000000000313e-01,-2.465899999999999981e+00,-3.147800000000000153e+00,-3.534899999999999931e+00
-1.362000000000000099e+00,5.981699999999999795e-01,-1.486900000000000110e+00,-1.471400000000000041e+00,1.823399999999999910e+00,1.659100000000000019e+00,-8.608899999999999886e-02,-3.904399999999999871e+00,-5.977900000000000436e-01,1.033700000000000063e+00,-2.454800000000000093e+00,1.264999999999999902e+00,4.697399999999999909e-01,-2.848599999999999799e+00,-2.762199999999999989e+00
2.386800000000000033e+00,2.132499999999999840e+00,-1.806400000000000006e+00,1.588999999999999968e+00,1.308000000000000052e+00,-1.137299999999999978e+00,-3.133799999999999919e+00,-2.322599999999999998e+00,-1.990399999999999947e+00,1.574200000000000044e+00,2.870600000000000041e+00,4.980500000000000149e+00,3.529799999999999827e+00,-1.533600000000000074e+00,-1.421800000000000008e-01
4.733699999999999797e+00,2.295500000000000096e+00,3.685300000000000242e-01,3.014299999999999979e+00,-1.982399999999999995e-01,3.316799999999999748e-01,-2.895399999999999974e+00,-1.917399999999999993e+00,1.276200000000000001e+00,3.501799999999999802e+00,-1.881999999999999895e+00,1.722399999999999931e+00,2.362899999999999778e+00,-1.733600000000000030e+00,-8.170399999999999885e-01
1.425499999999999989e+00,1.153899999999999926e+00,1.497000000000000108e+00,1.765900000000000025e+00,-1.769700000000000051e+00,-8.516600000000000559e-02,-1.514499999999999957e+00,8.917799999999999339e-02,-1.525900000000000034e-01,3.879599999999999937e+00,1.646600000000000064e+00,5.596500000000000086e-02,6.355699999999999683e-01,2.071800000000000086e+00,2.729499999999999815e+00
-2.541900000000000048e+00,2.058800000000000185e+00,-2.654699999999999838e-01,1.849999999999999978e-01,1.420099999999999918e+00,-2.551800000000000068e+00,-2.455199999999999882e-01,1.076100000000000056e+00,-5.516100000000000447e-01,3.842600000000000016e+00,-3.848199999999999954e-01,-2.152200000000000113e+00,-1.739300000000000068e+00,-8.464000000000000412e-01,-6.249400000000000510e-01
8.361699999999999688e-01,3.583200000000000163e+00,-8.618400000000000505e-01,1.477600000000000025e+00,9.770400000000000196e-01,2.299299999999999955e-01,-1.606700000000000017e+00,-2.289599999999999969e-01,7.841599999999999682e-01,3.439300000000000135e-01,-7.638800000000000034e-01,-1.193500000000000005e+00,-3.729799999999999782e-01,-1.078699999999999992e+00,1.456800000000000095e+00
1.998199999999999976e+00,2.365899999999999892e+00,-1.141699999999999937e+00,2.684600000000000097e+00,-2.091800000000000104e+00,1.765500000000000125e-01,-2.737800000000000233e-01,1.571200000000000097e-01,4.326100000000000279e+00,-1.513500000000000068e+00,2.748700000000000032e-01,-1.318599999999999994e+00,2.567899999999999849e+00,2.552799999999999958e+00,1.469799999999999995e+00
-2.753299999999999859e+00,3.107499999999999929e+00,8.511800000000000477e-01,6.062600000000000211e-01,1.184199999999999919e+00,1.661999999999999922e+00,1.759000000000000008e-01,2.812999999999999945e-01,1.879999999999999893e+00,1.983400000000000052e+00,1.957899999999999918e-01,-1.102300000000000058e+00,8.756699999999999484e-01,2.195699999999999985e+00,-1.573800000000000088e+00
-6.452200000000000379e+00,2.693799999999999972e+00,1.614500000000000046e+00,-3.998800000000000132e+00,-4.351799999999999891e+00,-1.721799999999999997e+00,4.637100000000000222e+00,3.911500000000000199e+00,3.364799999999999791e+00,9.529899999999999483e-02,-2.389699999999999935e+00,-1.292399999999999993e+00,2.541999999999999815e+00,-1.112900000000000000e+00,1.021500000000000075e+00
-8.025799999999999601e-01,-1.300300000000000011e+00,1.093499999999999917e+00,-4.882799999999999585e+00,-3.638799999999999812e+00,2.174699999999999966e-01,5.858799999999999564e+00,3.657000000000000028e+00,4.721700000000000230e+00,-1.121399999999999952e+00,3.969699999999999895e-01,-5.154499999999999638e-01,-9.373399999999999510e-01,-3.512200000000000044e-02,1.052100000000000035e+00
-2.735799999999999788e+00,-4.206900000000000084e+00,-3.093199999999999950e+00,-6.430600000000000094e+00,-2.036500000000000199e+00,1.589099999999999957e+00,-2.120099999999999874e+00,1.386400000000000077e+00,-1.705100000000000060e+00,-1.533600000000000074e+00,-8.314599999999999769e-01,1.142900000000000027e+00,-1.721100000000000074e+00,2.637100000000000222e+00,3.850499999999999812e+00
-8.025600000000000511e-01,-2.507499999999999840e+00,3.152400000000000091e+00,-1.525099999999999900e+00,-1.227700000000000014e+00,3.428900000000000059e+00,-4.819399999999999795e-01,4.151699999999999835e-01,6.105300000000000171e-01,5.624799999999999578e+00,-6.130200000000000093e-01,-3.386000000000000121e-01,4.065900000000000070e-01,3.754399999999999959e+00,4.583999999999999631e+00
-2.091600000000000126e+00,1.292799999999999949e+00,5.310800000000000409e+00,4.443899999999999934e-02,1.543400000000000050e-01,-4.658399999999999763e-01,-2.460199999999999942e+00,1.641299999999999981e+00,5.650000000000000355e+00,1.688199999999999978e-01,5.133799999999999919e+00,2.757099999999999884e+00,5.519899999999999807e+00,-1.228199999999999958e+00,2.259300000000000086e+00
-2.295599999999999863e+00,-7.063399999999999679e-01,2.100000000000000089e+00,1.223700000000000010e+00,1.248099999999999987e+00,-1.873399999999999954e+00,-8.178999999999999604e-01,4.671400000000000219e+00,3.660499999999999865e+00,-2.329899999999999860e+00,1.233700000000000019e+00,1.707699999999999996e+00,1.832200000000000051e+00,-2.192399999999999904e-01,-2.496700000000000141e+00
2.558699999999999974e+00,-5.765299999999999869e-01,1.892400000000000082e+00,4.923799999999999955e+00,2.272499999999999964e+00,-3.001300000000000079e-01,-1.693799999999999972e+00,2.623899999999999899e+00,-3.087899999999999867e+00,-2.353499999999999925e+00,-1.895000000000000018e+00,8.932200000000000140e-01,5.736000000000000126e-02,-1.191999999999999948e+00,8.518000000000000016e-01
3.672299999999999898e+00,1.564200000000000035e+00,-1.697700000000000042e-01,3.162100000000000133e+00,2.103099999999999969e+00,-4.188899999999999846e-01,2.642699999999999910e-02,2.080499999999999794e+00,-2.522100000000000009e+00,-2.723399999999999821e+00,2.561599999999999988e-02,8.660299999999999665e-01,-1.723899999999999877e-01,-1.157999999999999918e+00,2.727500000000000036e+00
-2.678999999999999826e+00,3.453899999999999970e+00,-2.355599999999999916e+00,1.702499999999999902e+00,-1.912400000000000100e+00,4.441699999999999982e+00,2.888999999999999790e+00,1.968599999999999905e+00,-9.652100000000000124e-01,1.587499999999999911e+00,3.226500000000000146e+00,-2.745299999999999963e-01,1.139899999999999913e+00,1.272199999999999998e+00,6.697999999999999510e-01
-3.795799999999999841e+00,6.324499999999999567e-02,-6.387399999999999745e-01,-2.639100000000000001e+00,-2.554399999999999782e+00,2.145099999999999785e+00,4.824399999999999800e+00,-3.513899999999999801e-01,-2.963999999999999968e+00,-5.010299999999999754e-01,1.819399999999999906e+00,5.101400000000000379e-01,8.021500000000000297e-01,-1.032799999999999940e+00,-5.684700000000000308e-01
-2.407200000000000006e+00,-3.416500000000000092e+00,-2.843399999999999928e+00,-4.877100000000000435e+00,2.534499999999999975e+00,1.244499999999999940e+00,2.404399999999999871e+00,1.995100000000000096e+00,6.037299999999999889e-01,1.289099999999999913e+00,-7.030899999999999928e-01,-2.846899999999999986e-01,3.732300000000000062e-01,4.543900000000000161e-01,-2.631099999999999994e+00
1.014799999999999924e+00,-1.905499999999999972e+00,-8.268400000000000194e-01,-3.704800000000000093e+00,-1.075099999999999945e+00,-2.253000000000000114e+00,1.575099999999999945e+00,1.585399999999999920e+00,2.050299999999999900e-01,-1.190299999999999914e+00,-2.826099999999999834e+00,-8.712499999999999689e-01,-8.199800000000000422e-01,-1.428500000000000048e-01,-1.744099999999999984e+00
-3.448399999999999799e-01,-4.384100000000000219e-01,-6.567899999999999849e-01,-2.530600000000000183e+00,6.670700000000000518e-01,-4.016300000000000203e+00,1.279500000000000082e+00,-1.223500000000000032e+00,-9.120399999999999618e-01,-7.215300000000000047e-01,1.112400000000000055e+00,3.260099999999999998e+00,-4.337500000000000244e-01,2.687600000000000211e+00,2.957599999999999785e+00
1.448499999999999899e+00,1.760399999999999965e+00,-1.939500000000000002e+00,-1.589399999999999924e+00,7.687500000000000444e-01,2.236699999999999910e+00,-4.126300000000000107e-02,-4.811500000000000221e-01,3.436600000000000210e-01,8.750700000000000145e-01,3.362699999999999800e+00,3.203199999999999825e+00,2.171600000000000197e+00,6.336800000000000210e-01,2.164499999999999869e+00
1.232599999999999918e+00,-6.980600000000000138e-01,1.180600000000000094e+00,-7.338500000000000023e-01,-8.253899999999999570e-01,-1.074200000000000044e+00,-2.675800000000000178e+00,-6.730399999999999716e-01,4.921199999999999797e+00,1.171000000000000041e+00,2.426499999999999879e+00,1.712399999999999922e+00,-1.653799999999999937e+00,-2.691999999999999948e-01,-1.007900000000000018e+00
2.111099999999999869e-03,-2.854200000000000070e+00,-1.765200000000000102e+00,-1.682800000000000074e+00,1.250000000000000000e+00,-9.455200000000000271e-01,1.337000000000000133e-01,1.998799999999999910e+00,2.655499999999999972e+00,3.166100000000000136e+00,1.892300000000000093e+00,-1.550999999999999934e+00,-2.843600000000000017e-01,-1.803600000000000092e+00,1.223100000000000076e+00
4.569599999999999773e-01,-6.008900000000000352e-01,-3.281499999999999972e-01,-9.123099999999999543e-01,2.173500000000000210e+00,1.034100000000000019e+00,-1.376900000000000013e+00,3.166199999999999903e+00,-3.386100000000000221e-01,-1.457199999999999988e-02,3.007099999999999884e+00,-1.519800000000000040e-01,2.190500000000000114e+00,-1.140900000000000025e+00,3.369400000000000173e-01
2.531899999999999817e+00,1.442799999999999916e-01,-1.001500000000000057e+00,1.669599999999999973e+00,1.605499999999999927e+00,-1.027300000000000102e+00,-4.368100000000000094e+00,1.532300000000000051e-01,-3.361699999999999910e+00,-8.922799999999999621e-01,-4.338299999999999934e-01,4.540399999999999991e-01,-2.160000000000000142e+00,-5.138100000000000306e-02,-1.082799999999999985e+00
-1.644200000000000106e-01,9.417299999999999560e-01,-1.375999999999999890e+00,3.363199999999999967e+00,6.607100000000000195e-01,-3.060799999999999965e+00,-2.814400000000000013e+00,2.026899999999999924e+00,-7.826800000000000423e-02,-2.018400000000000194e+00,-2.084799999999999986e+00,-5.332999999999999963e-01,1.233899999999999997e-01,-1.052599999999999980e+00,-2.597500000000000142e+00
2.739700000000000024e+00,6.596100000000000296e-01,1.165999999999999925e+00,3.396599999999999842e+00,2.325599999999999890e-01,-2.928399999999999892e-01,-1.092799999999999994e+00,-2.156200000000000061e-01,-1.003800000000000026e+00,2.375299999999999911e-01,-4.996800000000000352e+00,1.950900000000000079e+00,4.289399999999999880e-01,-1.111900000000000110e+00,-2.658399999999999874e+00
1.921100000000000030e+00,-1.768899999999999917e+00,1.456299999999999928e+00,-4.399299999999999877e-01,-1.921799999999999953e+00,2.236499999999999932e+00,-8.962999999999999856e-01,1.586999999999999966e+00,1.291800000000000059e+00,3.344300000000000050e-01,-1.438099999999999934e+00,4.717999999999999972e-01,-1.478299999999999947e+00,3.541599999999999859e+00,1.581499999999999906e+00
1.218399999999999928e+00,1.145299999999999985e+00,2.186900000000000066e+00,-1.817600000000000049e-01,1.097000000000000058e-01,1.353099999999999969e+00,-1.624300000000000077e+00,-1.993300000000000072e-01,-1.083800000000000097e+00,8.740099999999999536e-01,1.872000000000000108e+00,-6.136000000000000343e-01,-1.461600000000000010e+00,-8.240999999999999714e-02,-4.119800000000000129e-01
5.972500000000000142e+00,5.817199999999999704e+00,7.553400000000000114e-01,5.980900000000000105e-01,1.639499999999999957e+00,-2.962699999999999889e+00,-1.665999999999999925e+00,-5.447499999999999787e+00,-3.805299999999999905e+00,1.371099999999999985e+00,-2.425600000000000200e+00,-3.125599999999999934e+00,-1.402199999999999891e+00,-1.238299999999999956e+00,2.519899999999999807e+00
8.514000000000000457e-01,8.891700000000000159e-01,-1.624599999999999933e-01,-1.218099999999999961e+00,9.438800000000000523e-01,-3.954400000000000137e+00,-8.405299999999999994e-01,-5.094500000000000028e+00,-5.038700000000000401e+00,1.116000000000000103e+00,-3.983699999999999797e+00,-2.715100000000000069e+00,-3.813899999999999846e+00,-1.325800000000000090e+00,1.560100000000000098e-01
-3.364100000000000090e+00,-2.772200000000000220e+00,-1.477600000000000025e+00,-6.687999999999999501e-01,-1.703699999999999992e+00,-3.971500000000000030e-01,-7.565100000000000158e-01,-4.942300000000000360e+00,-2.405400000000000205e+00,-3.549100000000000144e+00,-3.498899999999999899e+00,-3.867599999999999927e+00,-1.636900000000000022e+00,-8.381899999999999906e-01,-1.219600000000000017e+00
-1.401100000000000012e+00,2.632699999999999818e+00,2.663400000000000212e+00,6.924099999999999699e-01,2.934700000000000086e-01,-6.064900000000000152e-02,-5.629199999999999759e-01,-3.835399999999999920e+00,3.927100000000000035e-01,3.254000000000000004e+00,-1.165799999999999947e+00,-3.844599999999999795e+00,3.511800000000000033e+00,2.209900000000000198e+00,-3.008999999999999897e+00
1.040100000000000025e+00,3.333499999999999908e+00,2.230399999999999883e-01,2.800699999999999856e-01,1.149199999999999999e+00,-9.496599999999999486e-01,1.232399999999999940e+00,-2.621900000000000119e+00,-1.086799999999999988e-01,-7.715699999999999781e-01,-1.807099999999999929e+00,-7.757300000000000306e-01,2.562600000000000211e+00,-1.343300000000000050e-01,-2.317600000000000104e+00
3.150399999999999728e-02,-1.322200000000000042e+00,-2.748700000000000032e-01,3.970699999999999785e-01,1.909799999999999942e+00,2.306799999999999962e+00,-2.699099999999999833e-01,-1.390099999999999891e+00,9.078199999999999603e-01,2.441100000000000048e+00,-8.010399999999999743e-01,-1.068200000000000038e+00,-4.425399999999999778e+00,-9.945699999999999541e-01,-1.234099999999999975e+00
1.337499999999999911e+00,1.838400000000000034e+00,3.441899999999999959e+00,5.534200000000000230e-01,1.029900000000000038e+00,1.208099999999999952e+00,4.450799999999999756e-01,-1.689900000000000013e-01,6.049499999999999877e-01,2.062500000000000000e+00,-4.674400000000000222e-01,-1.408700000000000063e+00,-3.698700000000000099e+00,-9.588499999999999801e-01,4.920499999999999874e-01
8.007499999999999618e-01,1.958299999999999930e+00,2.244699999999999918e+00,3.443999999999999839e-01,9.502999999999999295e-03,-4.477400000000000130e-02,-7.476399999999999713e-01,6.082300000000000484e-01,2.037799999999999834e+00,-1.741100000000000092e+00,8.776699999999999502e-01,-1.405999999999999917e+00,-1.675899999999999945e+00,-1.415699999999999958e+00,-1.466699999999999893e+00
-1.104899999999999993e+00,-5.747100000000000541e-01,2.258300000000000030e-01,7.436099999999999932e-01,8.680800000000000669e-03,3.515000000000000124e+00,2.903200000000000003e+00,3.147800000000000042e-01,-1.055299999999999988e-02,-2.558499999999999996e+00,-1.274499999999999966e+00,7.939100000000000046e-01,-6.278200000000000447e-01,-2.931099999999999817e-01,-1.221200000000000063e+00
-1.058799999999999963e+00,-7.831200000000000383e-01,-2.319999999999999840e+00,6.222499999999999698e-01,7.889899999999999691e-01,3.237400000000000055e+00,2.860500000000000043e+00,-1.915799999999999947e+00,2.806400000000000006e+00,2.961100000000000065e+00,1.615099999999999980e+00,8.575500000000000345e-01,1.230299999999999949e+00,-1.274499999999999966e+00,-1.089900000000000091e+00
-1.139199999999999990e+00,-5.211199999999999832e+00,1.032100000000000017e+00,1.049400000000000110e+00,-1.747900000000000009e-01,7.768400000000000305e-02,1.756399999999999961e+00,-1.810000000000000053e+00,-2.878899999999999793e+00,-3.514399999999999746e-01,-9.117100000000000204e-01,4.162799999999999834e+00,1.822699999999999987e+00,1.072200000000000042e+00,-7.250199999999999978e-01
2.890099999999999891e+00,-2.617999999999999883e+00,-2.587200000000000166e+00,1.210800000000000071e-02,-8.275799999999999823e-01,-1.679599999999999982e+00,-8.485200000000000520e-01,2.805099999999999927e+00,-8.872999999999999776e-01,-4.438399999999999679e+00,3.130399999999999849e+00,3.597300000000000164e+00,2.321200000000000152e+00,1.997100000000000097e+00,6.677800000000000402e-01
3.968599999999999905e+00,1.164900000000000047e+00,1.087299999999999933e-01,-1.334400000000000031e+00,1.462599999999999900e+00,9.431000000000000494e-01,3.158799999999999830e+00,1.051700000000000079e+00,-9.318999999999999506e-01,-4.562499999999999889e-01,-3.022999999999999993e-02,-1.333399999999999919e+00,-4.101600000000000246e-01,-2.290600000000000136e-01,-1.396800000000000042e+00
2.663800000000000168e+00,-6.057099999999999707e-01,3.553700000000000192e-01,1.660999999999999976e-02,1.915899999999999936e+00,9.447699999999999987e-01,1.304499999999999993e+00,1.634500000000000119e-01,-1.985200000000000076e+00,2.119600000000000151e+00,1.366500000000000048e+00,-2.683699999999999974e+00,3.635800000000000143e+00,1.967500000000000027e+00,1.606999999999999984e+00
2.039899999999999824e+00,-2.213299999999999823e+00,-1.966600000000000015e-01,1.193100000000000049e+00,1.983899999999999997e+00,-2.525000000000000022e-01,1.475300000000000056e+00,-1.224099999999999966e+00,-1.479700000000000015e+00,-8.153099999999999792e-01,3.077599999999999780e-01,-3.265000000000000124e+00,1.524100000000000010e+00,2.616299999999999848e+00,9.584399999999999586e-01
-2.639699999999999935e+00,-9.050899999999999501e-01,3.776200000000000112e-01,-2.193099999999999827e+00,1.433300000000000129e-01,-1.076600000000000001e+00,-1.679699999999999971e+00,-2.167499999999999982e+00,-4.958099999999999730e-01,-4.143100000000000116e-01,7.148099999999999454e-01,4.714400000000000257e-01,1.198199999999999960e-02,2.445300000000000029e+00,1.869499999999999940e+00
-4.647700000000000387e+00,-3.246999999999999886e+00,-2.269400000000000084e+00,-1.251600000000000046e+00,-3.585999999999999854e+00,-4.293000000000000149e-01,7.281499999999999639e-01,-5.138700000000000490e-01,1.389299999999999979e+00,-2.482699999999999907e-01,-2.045500000000000096e+00,3.242500000000000160e+00,-2.089599999999999902e+00,-2.715299999999999936e-01,-1.215600000000000014e+00
-4.563399999999999679e+00,-2.089999999999999858e+00,9.348100000000000298e-01,4.892000000000000348e+00,-1.725399999999999850e-02,-1.157899999999999929e+00,3.259400000000000075e-01,-2.232599999999999862e-01,3.809899999999999842e+00,-5.716799999999999660e-01,4.713399999999999812e-01,4.470500000000000029e-01,-1.998299999999999965e+00,-1.936900000000000066e+00,-1.818799999999999861e-01
-1.331499999999999906e+00,-3.299599999999999866e+00,-4.182400000000000007e-01,3.288600000000000190e+00,-1.428700000000000081e+00,1.134300000000000086e+00,2.144000000000000128e+00,4.011400000000000077e+00,2.845699999999999896e+00,-8.515700000000000491e-01,4.966000000000000192e+00,9.651999999999999469e-01,-3.259599999999999831e+00,-7.893900000000000361e-01,4.666199999999999903e+00
-9.022900000000000365e-01,-1.788200000000000012e+00,-6.537899999999999823e-01,5.444899999999999740e-02,-7.322699999999999765e-01,-1.105699999999999905e+00,4.484200000000000408e+00,3.164299999999999891e+00,-2.238900000000000112e+00,-1.421599999999999975e+00,1.178099999999999925e+00,-2.819599999999999884e+00,-2.129500000000000171e+00,5.307500000000000551e-01,1.358999999999999986e+00
-1.324100000000000055e+00,1.308799999999999963e+00,-9.323900000000000521e-01,-6.365100000000000202e-01,-2.639100000000000001e+00,3.775300000000000183e-02,6.772799999999999931e-01,2.667899999999999938e+00,-1.186399999999999899e+00,-2.146799999999999820e+00,-1.699199999999999877e-01,-2.704400000000000137e+00,4.624199999999999977e-01,-1.098500000000000032e+00,2.336000000000000021e-01
-1.854300000000000059e+00,-6.535300000000000553e-01,1.690299999999999914e+00,-3.401099999999999957e-02,-2.578199999999999936e-01,1.078400000000000053e-01,-2.088999999999999968e+00,-6.427399999999999780e-01,3.178900000000000059e-01,-1.166700000000000070e+00,-1.776299999999999990e+00,2.511399999999999744e-01,3.643200000000000216e+00,4.498300000000000076e-01,1.312899999999999956e+00
2.473599999999999965e-01,-7.120100000000000318e-01,3.981399999999999828e+00,5.537499999999999645e-01,-5.248300000000000187e-01,2.953300000000000036e+00,1.210900000000000087e+00,-5.268800000000000150e-01,-7.094599999999999795e-01,9.635499999999999621e-02,1.452900000000000080e+00,1.456199999999999939e+00,1.470699999999999896e+00,-8.144200000000000328e-01,1.038899999999999935e+00
